,0,1,2,3,4,5,6,7,8,9,10,11,12,13,14,15,16,17,18,19,20,21,22,23,24,25,26,27,28,29,30,31,32,33,34,35
0,0.03173263995348722,380.0,-0.0774753094,3.4686386840258825,109.53359851357978,11995.73951564891,0.0123734455,0.0061977115000000004,3.8165781040200017,1444.0313554008555,380.00106624722156,383.9344525721116,375.8144273513878,0.8885913082235024,-0.03874387913394042,0.8159453600667903,1.0781161997133495,0.5397629553119714,2279246.0390791125,866120526.139514,0.004997981632090627,380.82341208180003,380.2142512023489,381.4757515385757,379.2380250151707,379.8575521985793,383.9344525721116,383.7092780133083,383.16418863264494,383.15919748733916,383.1479509711476,0.003046412798933422,0.0032513957170235814,0.003256395300391634,0.0034697108574285474,0.0033530539121739856
1,0.025532707858378453,306.0,-0.0210027918,2.7931583982466353,109.53462553499581,11995.889497478744,0.0080592804,0.0040319574,3.0682303391860017,936.3686276678229,306.0003284581698,317.9936151996962,296.281775937174,0.47896971495436547,2.8886458103108192,158.65515097801477,0.1650902215976089,0.08209385157778115,1835389.706989198,561631148.8272555,0.004997863935704559,306.4180270084001,305.9872716147213,305.75951087046394,306.06739526077513,306.0593204862316,317.9936151996962,316.46404875578304,311.9765639585268,311.5129546232155,310.6256292768518,0.004666277810182484,0.005266227814348804,0.0034663778018498457,0.002101491542371469,0.0020498291809015914
2,0.026753035709649115,321.0,-8.536729999999999e-05,2.930071462078436,109.53538277923893,11996.000081500582,3.46153e-05,1.73791e-05,3.2112632466229996,1030.4100001634051,321.0000054553996,321.0631815515,320.98044826646134,0.0019642338964896786,7.704480070903121,218.7285669377525,0.0016561222583959534,0.0008269292076761303,1925358.0013762221,618039918.9046841,0.004997916398372549,321.0631815515,320.99248395085465,320.99046045245626,320.9892391817899,321.0228424618207,321.030300178286,321.0295239031666,321.02799997543826,321.02492379362843,321.0228424618207,0.00022664777935172068,0.0002999750020831597,1.1665694525456212e-05,0.00022164819598366803,6.6661111574035495e-06
3,0.01138703869781682,137.0,-0.0483805127,1.2506257751779741,109.51001136199935,11992.295111406918,0.0234634141,0.0116948858,1.3628587370169927,187.74795582400014,137.00219143830307,229.58357917078766,98.90013504009754,1.5141596872513308,35.60448952531845,2406.955996410593,0.35846407159965565,0.17953340203237644,821739.4142493233,112593891.24024546,0.004997583474654079,136.65585141249997,136.26358595072296,136.54967103208102,136.5535698832879,136.8059150639266,229.58357917078766,146.44915016217047,146.26880120073162,145.13303033157632,144.2583151467819,0.0002099825014582118,0.0047996000333305555,0.005009582534788767,0.0006282809765852846,0.0037513540538288473
4,0.028875072022206565,347.0,-0.0953355347,3.1674601046865174,109.52899401547424,11995.06711131766,0.026231239499999996,0.0131005075,3.460729528218999,1204.183619225746,347.00451058507605,371.2239779918716,335.69529035270165,1.2766537210636761,3.265352042811911,64.35878824591343,0.8006135412539379,0.3995728328524706,2081333.4079141663,722241980.5165137,0.004998083903713976,346.5297393385,345.9074678022247,347.28621414549144,346.9189081878045,346.6810092250018,371.2239779918716,371.18894136476536,362.1593096893247,360.8315778804688,360.2368393540836,0.0065061244896258644,0.009680859928339305,9.832513957170236e-05,0.009250895758686775,0.0038713440546621113
5,0.00986031320211652,118.0,-0.0223473236,1.077119931676744,109.52859465409122,11995.008789191033,0.009446226500000002,0.0047233634000000005,1.1866736828779956,139.25150320930888,118.0014198811385,129.46685059780884,106.6396817539741,0.5093674409902477,-1.7584609405977574,186.20024381978396,0.15731752276005295,0.07848614078119454,707772.4734863194,83519708.14092189,0.004997969137858864,118.33361873859998,118.64282422406052,118.03769237082057,118.00859349110094,118.0072963958617,129.46685059780884,127.69440330957053,123.39267693366537,123.33284162333841,123.0498873597755,0.0003833013915507041,0.00040829930839096743,0.004066327806016165,0.0011949004249645863,0.0003566369469210899
6,0.006243234250154189,75.0,-0.0307591185,0.6846539047934579,109.50768655948123,11991.955635514185,0.0123987771,0.0062024022,0.7484148660170012,56.268962413059306,75.00336390607838,103.74733884875444,47.67717295517623,0.6748136891550154,5.111822066945931,1103.2299364442704,0.1855411221777672,0.09254462382050122,449870.3909777058,33744540.43729071,0.00499800330007944,74.9250542361,75.34774770160864,74.70031966242895,74.85726596859905,74.808918063008,103.74733884875444,93.68553278945912,81.47661724180678,80.60028247636541,79.45880520657033,0.0002999750020831597,0.006561119906674444,0.000236646946087826,0.00647946004499625,0.0017981834847096074
7,0.021737994323372836,261.0,-0.0245135911,2.3824051479442176,109.53393944246385,11995.789304339356,0.0101440088,0.0050713875,2.607529446754992,681.2219655228021,261.0007071786788,276.5516236374205,240.91509261314172,0.4618897408607985,-5.315736280039793,859.4218266426445,0.14121483138262647,0.070551412391751,1565482.2855264363,408593274.87912333,0.004997915081416298,260.8776698748,260.9035225579097,260.9253168866173,260.9225159732985,260.8961568999571,276.5516236374205,270.00370134941426,268.8997131042428,266.3847053164656,264.89991961630625,0.004772935588700941,0.0002999750020831597,0.0053728855928672605,0.006229480876593617,0.005224564619615032
8,0.03191602266203643,383.0,-0.0471126311,3.4960106020230137,109.53479096317024,11995.913655683713,0.0075251264,0.0037614694,3.830379094883993,1466.900563950148,383.0003166971839,385.8283610658789,380.79718842746644,0.5091273759768592,0.058294937098475615,0.8556594090418526,0.6168242613086932,0.3082476460374437,2297235.9404663225,879843663.396858,0.004997870436992074,383.0241879671,383.19014675903304,382.7066242265399,382.0660708918309,383.57305549401593,385.8283610658789,385.3749640678881,385.1767227570375,385.05300735293287,385.0206217394726,0.0013382218148487626,0.006841096575285393,0.00655445379551704,0.0065211232397300225,0.006566119490042497
9,0.02204779644077992,265.0,-0.1057435493,2.418988556247396,109.52426087253595,11994.375916011999,0.0259315003,0.0129663267,2.6419083047579663,702.3450575734628,265.0041407159462,324.6452232174329,250.61559277476982,1.6058306756165694,8.479387198599726,318.7245059693703,1.7093691372565445,0.8555850298517385,1589495.6427698806,421238609.5423833,0.00499779173174173,264.5956050858,268.1820191637755,266.9953664195424,266.14300629457887,265.40887724571246,324.6452232174329,278.56715557529077,272.55193886845785,272.06820798441913,271.99804260058914,0.006556120323306391,0.00021164902924756268,0.0002999750020831597,0.004261311557370219,8.332638946754436e-05
10,0.03178779652266477,381.0,-0.101832975,3.4777626608472416,109.53400283084171,11995.798561578558,0.011137985100000001,0.0055600677,3.8197028784390175,1451.6343782759877,381.0007523091156,384.16337724665294,377.8039747083476,0.785995726781512,-0.07177544967803187,0.8245203152123532,0.9199415444203396,0.45979998169485725,2285242.235172945,870682611.2028188,0.004997942606511577,381.4853460685,380.7499734971867,381.0398938592875,379.86747157927607,381.08109414304363,384.16337724665294,384.12677222468653,384.08648201698423,383.8398576867711,383.7984112159689,0.003119740021664861,0.0065894508790934085,0.004109657528539288,0.006482793100574952,0.0031297391884009666
11,0.023750833765536203,284.0,-0.08639812470000001,2.5923838424929104,109.52939659935438,11995.125900450157,0.0193613974,0.009682651,2.8606151171289893,806.6187613432317,284.0032193220052,295.46945425348935,273.4907742318534,1.1857973505970592,0.11819246639470476,4.377493052756311,1.4893229632332918,0.744758227336149,1703450.9847006542,483793906.05250365,0.004997813711030162,285.0337560201999,284.0867197299143,283.22075474025826,283.55733216784915,284.93009056878185,295.46945425348935,293.42887461648144,289.41793414696673,289.3251714453929,289.2323989140244,0.0002999750020831597,0.005507874343804683,0.00048162653112240644,0.00021498208482626448,8.499291725689525e-05
12,0.00938219204853767,113.0,-0.0302639976,1.0315179220457567,109.51645217256763,11993.235568923183,0.0156555683,0.007767225499999999,1.122002160442994,127.71942133009667,113.00241843487358,134.03966962833115,70.4925575395901,0.9569329441772532,-15.743030624353938,793.3353763971359,0.11694035841759387,0.05836440730823256,677788.7228744071,76597282.73089193,0.004998186177036566,112.59568677449998,112.91992417636696,112.6854527623208,112.79151069152307,112.85718714108343,134.03966962833115,128.88790494869718,121.77629456620932,121.06098970896726,120.31250411786571,0.006549454212148987,0.007147737688525956,0.0001049912507291059,0.0066977751854012165,0.007297725189567536
13,0.00043858364498791614,7.0,-4.5998830795,0.2121542221299575,-3.6239003423821714,187.03321507991606,0.0636932529,0.030521500899999998,0.034133178311000344,10.313076735473176,14.54216673309764,459.1746225309641,0.11409287806387772,18.132266022028794,8.353610274497017,122.90048963417327,9.088208433827955,4.208640733131873,87228.88533616692,3240871.640916506,0.004109305847584203,5.263442323499983,2.7601322284629175,6.644135328366137,7.642747368216327,4.496235766096536,459.1746225309641,339.767557746089,283.5107026545356,258.8330792458368,247.71863802974403,0.0007332722273143905,0.000148320973252229,0.0008815932005666194,0.001466544454628781,0.00161486542788101
14,0.004606444951620702,55.0,-0.0247882083,0.5020830075681908,109.50524338278198,11991.598843353482,0.0091905626,0.0045925863,0.5556390497119965,30.26109796903032,55.00189321933595,70.9592498757101,38.58032784167931,0.5938454581433571,-2.3265543006004927,359.6309411482372,0.09957079622017773,0.04975427910648733,329901.26577379636,18147304.773923777,0.004997576063306332,55.28194586440001,55.41621726083272,55.32539474067617,55.30428944126966,55.3270571397414,70.9592498757101,66.30561630799016,64.00447884329066,63.71404486329428,63.40740133902687,0.00010165819515040413,0.0002999750020831597,0.0005999500041663194,0.006549454212148987,0.007759353387217732
15,0.004769612338546796,57.0,-0.0254458413,0.520338338392753,109.50667852055699,11991.808402232893,0.0092181432,0.0046075101,0.5747660002739959,32.50135190732224,57.00227093961714,77.38250071053399,44.43785317498354,0.5580279568379881,9.840305530201357,483.8767021452492,0.09860572335458073,0.049482561694546234,341899.5483339263,19490914.567930985,0.004997482658330897,57.24011767490001,57.2896718470001,57.02094999078027,57.23460987916858,57.053772723555845,77.38250071053399,71.73629758020812,66.05890970679327,65.72202846112381,63.72093147921025,0.006547787684359637,0.00010165819515040413,0.0017998500124989584,0.0005999500041663194,0.0002999750020831597
16,0.024413279639854946,293.0,-0.0001060963,2.6744889608687967,109.53538277724984,11996.000081210103,3.350380000000001e-05,1.6715300000000002e-05,2.929675420512994,858.4900001518498,292.9999988326149,293.01728159519115,292.98376895789994,0.0019492289839025826,0.0773203644791177,5.238544690904035,0.0025114227478297835,0.0012559496353787836,1757414.0015211091,514922302.91403115,0.004997917021192863,292.98376895789994,293.01296651352163,292.990717293692,292.9843665184042,292.99372719082055,293.01728159519115,293.01584602620505,293.01296651352163,293.012659409102,293.0116290271687,1.1665694525456212e-05,3.833013915507041e-05,1.6665277893508874e-06,1.4998750104157986e-05,0.0005999500041663194
17,0.012248202502699701,147.0,-0.0241078027,1.3418273003829697,109.53076710919923,11995.326036257615,0.010742058999999998,0.0053654137,1.4697791694210054,216.10213829637266,147.00078056859087,175.44936646110136,124.32506874275904,0.619410831161914,8.498948292168386,1080.0263526308809,0.12120793269298247,0.06071852486908824,881710.6528928063,129614451.5867269,0.004997753700015873,146.99067823489995,147.0535720503692,147.06420439590613,147.07500942684254,147.10037908415507,175.44936646110136,157.102196835769,155.31890675201248,152.3471842885997,150.6023612077163,0.004761269894175486,0.004739605032913923,0.00018331805682859762,0.005362886426131155,0.000148320973252229
18,0.02865267027660177,343.0,-0.0883897114,3.130949253672331,109.52871421007534,11995.026250572815,0.026769323499999997,0.0133744938,3.4473035491630095,1176.585481581213,343.00386794683754,366.57734207247967,300.4742857471175,1.4841749166079115,-4.630233230255885,165.22605770972902,0.8063205263642885,0.40324125181740555,2057336.7715114185,705687537.4245012,0.004997836937617477,343.86069598950013,344.64889584247965,343.2716063583797,343.5792228332477,341.57021973981654,366.57734207247967,361.596441375333,357.8042638196542,355.0473700820791,354.50134172338943,0.0017981834847096074,0.009685859511707357,0.004317973502208149,0.00905091242396467,0.0065361219898341805
19,0.010901203135338933,131.0,-0.0816418156,1.19588505662976,109.50140052917112,11991.038114680203,0.0225528534,0.0104836593,1.306389701705993,171.6809810034868,131.00558931756984,186.71508310737804,97.92175815671301,1.4318094445944671,13.62759572773831,622.4662765152384,0.3723339500176621,0.1860359190160068,785771.6216694335,102952785.46915305,0.0049979052410061104,130.82533882720003,131.11832073690596,131.0044563520588,130.89779453533697,130.68873247920746,186.71508310737804,175.01503703698987,154.9752758942215,152.88905698198715,151.94614663641903,0.004587951004082993,0.0037480209982501457,0.008334305474543788,0.0004199650029164236,0.0068744271310724105
20,0.026406894031422365,317.0,-0.0007045269,2.893559791811557,109.53538197566144,11995.999964150142,0.00027120750000000004,0.0001360312,3.1681867231369796,1004.8900099920621,316.9999918158513,317.27115430309453,316.60945094035327,0.014685913396336061,-3.8077900833233445,200.27586071837945,0.004759322043867087,0.0023791824690988506,1901365.997102914,602733021.4529592,0.004997920232518906,316.90913527109996,316.83933109265917,316.9090791601962,316.87080419949706,317.25757236054625,317.27115430309453,317.25757236054625,317.2367315735522,317.200085031995,317.1190349328338,9.999166736105324e-06,6.6661111574035495e-06,1.6665277893508874e-05,2.499791684026331e-05,4.499625031247396e-05
21,0.004644370166619444,56.0,-0.0251677223,0.5112113516876986,109.50579377814903,11991.679202588295,0.0093085561,0.0046556524,0.5547445699789967,31.371295075983625,56.002075801662556,74.60310951776184,41.830717027344875,0.5786217748391675,7.623802916845875,389.17195896980115,0.09953903282264775,0.049900428473016234,335900.64341928926,18813152.531378783,0.0049976505581569314,55.7370863696,55.7280327668325,55.722371832476924,55.65759423472687,55.846563116543685,74.60310951776184,70.13304569555194,66.65088192597874,66.00482912384011,65.44906609955625,0.006547787684359637,0.00010332472293975502,0.0017998500124989584,0.0002999750020831597,0.0005999500041663194
22,0.018587845212482253,223.0,-0.0002313656,2.035532490065809,109.53538262378127,11996.000058798323,8.99784e-05,4.4963099999999996e-05,2.2314551438999968,497.2900010252484,223.00000651448016,223.12404003470195,222.8496688055722,0.004976318654011051,-2.3225154990044947,376.46070208655215,0.0016029682713565307,0.0008012112970732232,1337554.002653345,298274543.32930505,0.004997916707663355,223.072730395,223.03896835053774,223.00249678038153,222.98983655494945,222.99150447704983,223.12404003470195,223.1087286814055,223.08122158748793,223.07774153705157,223.0278522660439,0.00019665027914340472,0.00022664777935172068,5.166236146987751e-05,9.832513957170236e-05,0.00010999083409715857
23,0.0038483406421464883,46.0,-0.0427565537,0.42002629011824516,109.4252513004578,11979.919882549604,0.014497969700000002,0.0072538198,0.4636913435260018,21.188383309835405,46.00911082997577,61.13511447142117,30.066098263770062,0.7596487995548458,0.4653796407318565,95.79489424413781,0.30931117488236737,0.15455382637944126,275962.27333859855,12700223.28006783,0.004998102337784686,46.18393604640001,46.36653572742194,46.11808804377324,46.11200379507292,46.12645868729822,61.13511447142117,57.62832748278331,55.83393143265376,54.004365750425336,53.03045543413803,0.006507791017415215,0.0001849845846179485,0.00012332305641196567,0.0012382301474877092,0.0017998500124989584
24,0.00761856473287224,91.0,-0.0240993854,0.8306681300015918,109.52543934617954,11994.548015811066,0.008896252600000001,0.0044481721,0.9185905338549958,82.82002165645282,91.00100612092942,101.87510787926382,67.0255620604659,0.5781984922784484,-14.212741800888214,661.8249730888492,0.18982667064460657,0.09511412163092814,545823.833773317,49672505.20651041,0.0049978630384933725,91.43039535919998,91.53738859123395,90.48330698318189,91.5344686963637,91.6643040574514,101.87510787926382,101.65784130202677,97.92395914318877,96.40164460066231,95.86498558763441,0.0019031747354387133,0.0002549787517706858,0.006457795183734689,8.499291725689525e-05,0.0001466544454628781
25,0.016490974185042948,197.0,-0.039761655,1.7982401141592539,109.5289997500183,11995.067943570748,0.0157463848,0.0078885742,1.9880604061669982,388.12014822007353,197.00139016523457,252.61127580083803,180.2446704987353,0.9675379300363843,30.648040272316578,1836.1831668076004,0.30100669808555836,0.15023118648656464,1181613.3463001382,232784891.30170208,0.004997792779158171,197.90818119469998,196.66377040035349,196.91511188346357,196.91865479083953,196.89972221553126,252.61127580083803,203.56908986200682,202.70641641643715,202.3386248762912,201.39556782269452,0.004749604199650029,0.00354970419131739,7.83268060994917e-05,0.00023498041829847513,0.001849845846179485
26,0.027578112342771292,331.0,-0.0329946429,3.021371416676412,109.53316440892405,11995.676122836823,0.0211817268,0.010590440599999999,3.309442405923985,1095.639576395121,331.0018310074355,365.8966761151491,327.90394566619733,0.5128896627526581,52.45733672123307,3571.602867861627,0.07635369126921887,0.038113064908088745,1985348.9992332815,657155737.5836979,0.004997921366979248,330.96492622560004,330.9806475620133,331.1540397841278,331.05256316558814,331.0596534599548,365.8966761151491,334.8226629341444,334.32581674817715,333.05499811011975,332.421735670231,0.0002999750020831597,0.002101491542371469,0.0002816431964003,0.005102908090992417,0.0039013415548704274
27,0.01763720369241738,212.0,-0.0005628729,1.935125375676668,109.53538096931007,11995.999817187612,0.0003072131,0.00015360580000000002,2.113281599098978,449.44001015586286,211.99997228361244,212.33974575768332,210.74666430838244,0.019695268462507288,-43.47548297005991,2769.6546918413287,0.003153366730941798,0.0015764364292181199,1271576.0016789986,269574114.98251307,0.0049979225211400635,211.6640815127,212.05406736965247,212.07152308811877,212.03335971896098,211.96056600475853,212.33974575768332,212.14939673235003,212.1379586128497,212.1089408670356,212.08855162407735,9.999166736105325e-05,0.000148320973252229,5.999500041663194e-05,6.66611115740355e-05,8.165986167819348e-05
28,0.0009092851982501536,9.0,-4.6304268837,0.2027039596362063,2.252484062090991,380.2205574978148,0.062329153100000007,0.0300586671,0.12781938316700012,9.052336832599126,14.579505443761192,463.0207808809806,0.14196431158395276,16.75286861150921,9.650917056083221,162.75225485416004,7.709509791300784,3.4598565067699525,87453.53806630668,2958746.8257939406,0.004371831959068123,10.91233166420001,11.73824518294441,8.886808775093733,11.900904767276193,18.087476409933963,463.0207808809806,330.10949811973404,305.0228247305375,268.04857114298625,266.4246953594827,0.0007332722273143905,0.001466544454628781,0.000148320973252229,0.00161486542788101,0.0008815932005666194
29,0.013868134346596147,166.0,-0.0526909493,1.515293378653434,109.52361997837835,11994.282334160467,0.017913719600000003,0.0089636278,1.6687165620620106,275.599449020723,166.00322084228128,184.0964726152375,131.78832505962342,0.9491098152473851,-6.604494275421899,350.0922595384009,0.3430283951059607,0.17137107456647982,995687.0572474874,165292618.926378,0.004998202448402367,166.4314802935001,166.30710438993154,166.14958008147437,166.44206610012657,166.21244994549068,184.0964726152375,181.6898709665845,179.52109388387905,176.43404396283913,174.40114458979122,0.0019481709857511874,6.999416715273727e-05,0.005591200733272227,0.0018015165402883093,0.0016531955670360803
30,0.001083502941496541,17.0,-2.205316782,0.20690383035374293,44.79871786376524,3802.924975245707,0.0732211285,0.0366545059,0.0892617298470003,7.385280662432661,19.584037328289295,243.9506083160437,0.8459675941580868,11.412007635345141,7.458864353279171,91.88227151048606,5.868088780987144,2.8712172233525877,117470.59304927608,3081898.4452639935,0.004870794931922971,13.003118800899998,13.960673996702106,13.25760357955448,10.40920009258492,5.573134593303577,243.9506083160437,200.13081167152902,189.64928058434626,185.57972305992348,184.48820278576662,0.0020481626531122406,0.007471044079660028,0.007759353387217732,0.007619365052912257,0.00146487792683943
31,0.011075249260928274,133.0,-0.0495316163,1.214117850910899,109.50814785775437,11992.022995490917,0.023358291,0.0116658168,1.3283135734090021,176.9486400835669,133.00391002068446,215.655897423466,104.43502238926885,1.3714966793179384,34.963610350883584,2240.550088954655,0.3686001650618209,0.18425231000870212,797757.2531646807,106116091.44662423,0.004997573445701416,132.91406638039996,132.40050982876872,132.2500593722976,132.24476395177138,132.35208900552618,215.655897423466,144.41903279220415,142.90960179474456,139.53055127793195,139.218510754334,0.0002099825014582118,7.999333388884259e-05,0.003753020581618198,0.0015915340388300975,0.002933088909257562
32,0.01781863833860514,214.0,-0.0005945777,1.9533811385861752,109.53538088704943,11995.999805174655,0.0003294721,0.0001645892,2.1368280178269923,457.9600106568386,213.99998732962754,215.27627114067394,213.5889335459406,0.02044216282710558,39.958936885571156,2575.889248972564,0.0031525267464473927,0.001574319902545085,1283572.0024705585,274684411.5517085,0.004997911327122045,213.84147870159995,214.14956643433703,214.13816749807293,213.9936556682976,214.0629835671511,215.27627114067394,214.29371917181624,214.1696851505713,214.14956643433703,214.1460795595789,9.832513957170236e-05,6.832763936338638e-05,8.499291725689525e-05,1.6665277893508874e-06,0.000148320973252229
33,7.904727569369338e-05,0.2651774883,-2.0928866863,0.3283646865457827,-3.9527783910488163,15.921459045794176,0.0588089823,0.021300084899999988,0.018172901798000064,25.879702131929896,9.083576558202399,982.7882525608152,0.09753243070592205,34.81082203290521,17.208109830831635,361.7636325941669,5.140459623157769,2.1519584679158057,54487.56670482723,7764495.827490883,0.0038829981962279028,0.9486463555999904,2.100704536946889,1.91648808699902,3.895115705673103,4.489878622971266,982.7882525608152,882.3091663962202,794.8920622676749,776.3494736511251,771.8959548329673,0.0009015915340388301,0.0004499625031247396,0.0013515540371635696,0.0022531455712024,0.0018031830680776601
34,0.025331024891467116,304.0,-0.0060062027,2.7748965056791954,109.53536851386417,11995.997998258505,0.0010665764000000002,0.0005338068,3.039935660626004,924.160160549508,304.00000307720654,305.52047224325514,302.3173059594292,0.06495034751269475,-0.11363873370003727,149.9275643301096,0.05140838076329146,0.02574120098182675,1823392.0255127137,554311208.8187256,0.00499790873774813,303.9976297225,304.152493415915,304.0773963666595,303.98972009766584,304.0005162246986,305.52047224325514,305.0008987049741,304.612152704621,304.49476960585923,304.3486937191918,0.00010665777851845679,0.00010165819515040413,6.66611115740355e-05,0.00013498875093742187,0.0006499458378468461
35,0.00674204985559532,81.0,-0.0129144751,0.7393735340317968,109.53110324850967,11995.37512469045,0.0052891972,0.0026370143999999997,0.8081938223149958,65.61341699986829,81.00064668283078,90.38384890587112,71.87709362692006,0.27175117470231475,0.19449140048420618,488.75016737189065,0.1455833204893935,0.07274125157705669,485841.3692375252,39353866.21837957,0.004997887506869666,80.91134031700001,80.90486064292871,80.91710436011113,80.88567577557517,80.90662781553755,90.38384890587112,85.48147800207114,83.68480036971583,83.53514870390222,82.99326585333843,4.166319473377218e-05,0.0017998500124989584,7.83268060994917e-05,0.0053778851762353135,0.0028364302974752103
36,0.027240246738138414,327.0,-0.0013733344,2.9848393153321395,109.53537781228844,11995.999356152002,0.0005578995,0.0002744098,3.2682015834769906,1069.2900648095258,326.9999944756361,329.6153300978459,326.1409992515888,0.04081998354791794,41.384703690213435,2859.3379907584094,0.005620718278407821,0.0028182658430182528,1961346.0117648963,641360159.6861706,0.004997915734445502,326.9102011043999,326.73531388131164,327.01635922671846,327.0029059098891,326.9936843023317,329.6153300978459,327.5220030110976,327.347100701313,327.13890241557687,327.1269784655621,0.0002999750020831597,0.0017998500124989584,0.003599700024997917,1.4998750104157986e-05,0.005701191567369385
37,0.025795927342279736,309.0,-0.0244604833,2.8205420404325423,109.5346425390946,11995.891980676874,0.0081613492,0.0040877452,3.1015304018600216,954.8186020616572,309.0003929994316,325.184155653103,298.3736784457401,0.4707824979950318,5.525763300902624,311.1829388274287,0.14332712390455526,0.07165940891252376,1853384.3119148382,572697796.0753245,0.004997957112040439,309.5769240347,309.1293550692099,308.7988586345523,309.0805498074238,309.08669357939823,325.184155653103,316.00101856068767,314.5351259081408,314.183679893447,313.4346381139023,0.005262894758770102,0.004662944754603783,0.00012832263978001832,0.0011932338971752353,0.006194483793017248
38,0.024746643834013995,297.0,-8.817309999999999e-05,2.711000754826127,109.53538278045939,11996.000081678805,3.07226e-05,1.51805e-05,2.9696893561509983,882.0900001215771,296.9999984161265,297.02625108651193,296.95064556795074,0.001897316676000532,-3.5227105354633537,130.89448812792244,0.0015751480343055846,0.0007879362976837001,1781405.9977812087,529077580.7035122,0.004997917144025874,296.9844726520001,296.98523613935504,296.9827826412086,296.98514148770965,296.9947082082999,297.02625108651193,297.024723048451,297.02211545533197,297.0184606283753,297.0143231954133,4.8329305891175736e-05,3.833013915507041e-05,9.33255562036497e-05,3.4997083576368635e-05,2.6664444629614198e-05
39,0.017232874272343917,207.0,-0.1012341753,1.889745923900426,109.49009849081393,11989.387413423212,0.0424400158,0.020997121,2.0664296930330206,428.72621584682224,207.00978029931213,239.3808022798729,34.374231169138596,2.7937751750050603,-45.312244713570834,2646.818998616881,0.4574505297007363,0.22805482478995032,1241644.539475083,257079361.06921515,0.004998514227900925,206.81172414239995,206.7047958751283,207.1151658140958,206.9740586669447,206.7234244284636,239.3808022798729,238.35158942219272,218.70352883932262,218.64211048847665,217.17468393522762,0.00010999083409715857,0.0065311224064661276,0.00019165069577535204,0.006502791434047163,0.006557786851095742
40,0.012777377192558817,154.0,-0.046526473,1.4057974767305397,109.51366835083178,11992.829106591827,0.023914422900000003,0.0119125357,1.5267116747679927,237.22268095539332,154.00594326791472,177.29955455960382,88.46077723107211,1.1227390836014228,-30.7755405608781,2009.7113282873281,0.14241199116614212,0.07143872759863257,923727.9324797923,142267197.19138378,0.004997988520153594,153.3413036878999,154.45958035514548,154.2149205819991,153.92813016706518,153.84933305934683,177.29955455960382,176.51071600565461,168.2288217146141,159.8955177183122,159.28378177239446,0.000148320973252229,0.0017981834847096074,0.0017048579285059578,0.006539455045412882,0.0008599283393050579
41,0.005362922306624438,64.0,-0.0223140214,0.584226765435638,109.51382289576203,11992.851687546488,0.009344499999999999,0.0046646621000000004,0.6472799900510062,40.9707483368989,64.00159132989185,73.73117453625026,35.4563686721967,0.5819775302042222,-19.609772324432054,1030.7935810081071,0.10622841023197083,0.053403261157185966,383881.34125388163,24571035.477867424,0.004998161697622446,64.36043060179999,64.04776940171152,64.26449811836146,64.34500726325152,64.30125870220934,73.73117453625026,72.77244245246645,71.0880612533628,70.66078551179193,69.39798100739405,0.005181234897091909,0.00011165736188650945,0.0054762103158070155,0.0017998500124989584,0.0001466544454628781
42,0.0018258324766269435,22.0,-0.0234688744,0.20093376271809985,109.34113720448501,11967.641957793141,0.0092520034,0.0046371120000000005,0.21831813610099954,4.8514574441079015,22.007462331564078,40.19624097007142,10.323947938910937,0.4953738808125667,11.108863194536069,525.2874124619186,0.11465408901318952,0.057360740293788126,132000.78772052424,2906475.115124246,0.0049973644067740595,21.911815552,22.085115074557653,21.950349292344928,21.96967606980412,21.98028012819612,40.19624097007142,36.027988079679815,31.789830144153,29.255814267031386,28.379646246994657,0.004749604199650029,0.0001466544454628781,0.0010365802849762519,0.0035480376635280393,0.0014615448712607282
43,0.012560892327264447,150.0,-0.0386248045,1.3692618990752552,109.51854091381148,11993.540639590328,0.021252022199999998,0.0106376312,1.5150271148789982,225.04611992860941,150.00411807622646,172.48002423435713,124.03894797145475,1.030097427524547,-0.03477466341759215,286.6690352305082,0.3173278190141673,0.15900740460992324,899724.2114625643,134968628.7780404,0.0049980760727948515,150.7432688195,150.54531134950022,149.4797378882448,149.98127034729447,149.98265217623995,172.48002423435713,172.42623045513452,171.32851938946735,167.9063359027717,166.2368669813377,0.00012165652862261477,0.0001316556953587201,0.00012665611199066745,0.00014165486209482541,0.00013665527872677277
44,0.011584659908415932,139.0,-0.007606760600000002,1.2687885627737965,109.53441809300439,11995.859203653805,0.0049256882,0.002471994,1.3905673590729948,193.2122682715298,139.0002595986803,141.37010328105902,125.34565999263573,0.20342859271555352,-49.903575341398906,3393.5888541665117,0.02271981603706763,0.011332132523307337,833723.5417833023,115888034.87354845,0.004998005407086331,139.02750356090002,138.85378911012285,138.93633441540004,138.9600794514855,138.99808069955978,141.37010328105902,141.31426380931603,140.88142694182463,140.5800221094692,140.46067069406044,0.0003016415298725106,0.005704524622948087,0.006904424631280727,0.008797600199983335,0.0008999250062494792
45,0.02707829280092497,325.0,-0.0015877917,2.966583376729682,109.535377609854,11995.999326589506,0.0005595519,0.0002760459,3.249336463502003,1056.2500666083695,324.9999962845574,327.2760490492798,324.08970661813186,0.03700634298062208,36.5717621263611,2470.8260178542823,0.0070723306671425235,0.0035437661648529684,1949349.9863258032,633538749.3265302,0.0049979191944043684,324.96659190389994,324.89434921876847,325.1402066338009,325.0418303379098,324.8737455343611,327.2760490492798,325.55031882128867,325.37234260560615,325.3697112139649,325.304977074872,0.0002999750020831597,0.0017998500124989584,0.006899425047912674,0.005699525039580035,0.007499375052078993
46,0.02963042273113036,355.0,-0.0426900387,3.240423560111617,109.53515468030442,11995.96677116726,0.0024668882,0.0012293892999999999,3.5618897769230147,1260.253499065014,355.0001014734116,356.60767634685175,351.56413742658236,0.29535955911046263,-0.37041273026299076,4.6986021462555705,0.36101937243313387,0.18049169599112247,2129290.3749675583,755898739.378485,0.004997921405326497,355.5947031963,355.0841360757557,355.2046187715425,355.4357420448804,355.4796094267681,356.60767634685175,356.48746610838106,356.48278500935635,356.1081240231775,356.04828542238846,2.999750020831597e-05,0.009307557703524707,0.009694192150654111,0.009847512707274393,0.00908757603533039
47,0.020910494059570024,251.0,-0.0680851636,2.291148993546768,109.53052755203025,11995.291054272224,0.0159270426,0.0079557338,2.508888267317999,630.0472260379206,251.0016275384803,278.5014464917503,234.99216277696567,0.9879921919805145,3.203099605591309,138.95227643924144,0.9418104409526791,0.4707577126573028,1505507.429838969,377890587.32924324,0.004997801985389435,250.94683920890006,252.0298127092708,251.2979532247644,250.34563614412335,250.95104237550123,278.5014464917503,267.96039080025645,260.32193338783213,259.6213146026045,258.1726205850935,0.006547787684359637,0.00016498625114573786,0.00010332472293975502,0.0002999750020831597,0.004492958920089992
48,0.0172879452122157,208.0,-0.1160228252,1.8988722618609906,109.49063939947325,11989.466400213629,0.0425545834,0.0211273124,2.069887917309006,432.8756389250708,208.01075795413138,328.44320290278097,106.67367350821092,2.717496680965893,-0.03814756208139102,1168.6546693604978,0.47570991535718576,0.23685361779433833,1247648.229990849,259568492.92459035,0.00499866796842404,207.47263049179998,208.18432596734462,208.5232726716017,208.4739913541934,208.330141249566,328.44320290278097,225.1623957705047,224.20632333452642,220.48393174828612,219.6334107072687,0.006529455878676777,0.0065361219898341805,0.0071294058828430965,0.00019165069577535204,0.006539455045412882
49,0.013335981619431735,160.0,-0.0527423657,1.4605578274112958,109.51601368792467,11993.171588835983,0.0218200144,0.0109043417,1.6008789000179917,256.06035183387274,160.00780674735327,178.1325511000571,130.08843518225157,0.7290404621872675,-8.410234539631146,621.9236713824612,0.1704963051230095,0.08461794032706393,959726.8029100664,153566965.76418352,0.0049974891632601545,160.04511541479997,159.88767415363247,159.80378008528137,159.86548155695618,159.84655772116517,178.1325511000571,174.07552768718736,170.15643028494702,169.58783359599775,169.24373330243264,0.00649779185067911,0.005297891842346471,0.00010165819515040413,0.00022831430714107158,0.0002999750020831597
50,-0.0001394054421048241,3.0,-2.1159842014,0.32708520119646617,-3.8419556960925094,16.123778399483243,0.0571886972,0.020602121899999992,-0.06345458889400017,25.58847927808089,9.778555615960984,960.1644283402833,0.05484559681635608,34.47641804089372,17.26388181990436,364.7441936017013,5.217656844650915,2.302232198171218,58659.75912052392,7704173.820819404,0.003994161230631796,1.6730047106999817,2.468564487338717,1.3954356643147021,4.871719285703161,7.962022302966587,960.1644283402833,895.1361153375803,831.0469869771873,797.7127284166775,712.0178470630233,0.0009015915340388301,0.0004499625031247396,0.0013515540371635696,0.0022531455712024,0.0018031830680776601
51,0.0025056725700025075,30.0,-0.8923026323000001,0.2774058736514742,105.32516174724545,11390.654280654138,0.020252960799999997,0.0100261154,0.301437095574002,9.472010452111814,30.194219348711602,109.39382550990605,1.8377219919108365,3.4515489712007237,6.68026146641061,119.33306031175992,2.084640910142628,1.0449084799905535,181104.49447529417,5539762.482664721,0.004983453664866946,30.07057651259999,30.09972870656374,29.524232106370484,30.41915115699087,29.74788715000776,109.39382550990605,97.53532976430574,90.09672419250285,77.2965600567532,73.3982070751265,0.0005399550037496875,0.001078243479710024,0.0016181984834597117,0.000148320973252229,0.0032363969669194233
52,0.0042430474933421985,51.0,-0.0265378412,0.4655835957385881,109.4943353387399,11990.006092444612,0.010199431799999999,0.005093916699999999,0.5084824783150097,26.02299642076331,51.00400192915351,60.17733916905103,29.566722109659203,0.49666371531747283,-12.919335840108976,661.7633161957413,0.08567689506764964,0.0425143176895304,305922.13079950423,15604739.22290362,0.004997775009018412,50.92081296759999,51.08018082084459,50.92917066426391,50.92494503220361,50.970170531411476,60.17733916905103,58.778853063703856,56.84404731194514,56.25365884729243,55.74217173056139,0.006549454212148987,0.00010165819515040413,0.0017831847346054495,0.0008649279226731106,0.00010832430630780768
53,0.018839950997791878,226.0,-0.0002187326,2.0629163167326725,109.5353825954169,11996.000054656128,9.696809999999999e-05,4.81295e-05,2.2619650226030243,510.7600012363879,226.00000781644513,226.16735835903017,225.9245837129595,0.004873023149698112,9.136601577647806,386.92487661664217,0.0015860946327279635,0.0007905198274613667,1355547.9985959628,306353847.5030019,0.0049979166684144104,226.09825192449995,225.9910389126375,225.96274424394142,225.9741375175786,225.9770064014391,226.16735835903017,226.12433763329076,226.06089762409079,226.05925053303918,226.05328319286085,0.00022664777935172068,0.00020331639030080826,0.00023164736271977335,0.00019498375135405382,0.00010832430630780768
54,0.02249668030555775,270.0,-0.0001049042,2.4645461432978832,109.53538276784754,11996.000079837042,4.07182e-05,2.03995e-05,2.6996532617360076,729.0000002125238,269.9999982475578,270.0831549555619,269.9645173411975,0.002334549031074006,8.228663671904364,331.5638376127637,0.0014399065103702924,0.0007162216870710836,1619459.998255025,437254199.09025836,0.004997916753650436,269.98266034699986,270.03488938246215,270.00424979406205,270.0188589506267,269.9908442090739,270.0831549555619,270.04089298077037,270.03488938246215,270.0256839037866,270.024505455367,9.832513957170236e-05,7.499375052078993e-05,1.6665277893508874e-06,0.000133322223148071,0.00013665527872677277
55,0.024030778730280727,287.0,-0.0963163376,2.6197701801550255,109.52911224085825,11995.084378856578,0.0201590325,0.0100833169,2.8980155156950036,823.7528593123717,287.00292320495765,293.31114800902634,265.8114314783999,1.2547905995006317,-1.265805442228207,18.97000066873303,1.5150684538342034,0.7608410342028833,1721443.0038370446,494068466.6512349,0.00499807557523334,288.3933755421,286.61677278016356,286.21538999491656,286.00161736419125,287.43524266677684,293.31114800902634,293.0187727205922,292.74480334510986,291.8508977226773,291.71704283389363,0.0060161653195567035,0.0002533122239813349,0.007297725189567536,0.007599366719440046,0.00048162653112240644
56,0.012327989317165375,148.0,-0.0217785519,1.3509551076702715,109.53084053925367,11995.336759622302,0.010696549,0.0053527135,1.478885756427995,219.05210776414478,148.0016746827719,153.7269612327875,139.33942258122272,0.33852291088329106,-4.777948884827389,195.25056163977777,0.11582684994328929,0.057797661211594686,887714.0777665528,131383862.5062927,0.004997848175933999,147.94819979529996,148.01642770002962,148.04670240767265,148.03644055605213,148.0532661175063,153.7269612327875,153.39587845753525,152.7292385912306,152.14009247356165,150.66681362709986,0.00015998666777768518,0.000148320973252229,0.0009549204232980584,0.0005999500041663194,0.0017998500124989584
57,0.030993865444429787,372.0,-0.005444319699999999,3.3955969787700484,109.53537734964506,11995.99928859176,0.000410394,0.00020461900000000001,3.719143378699,1383.840091650083,372.0000006138338,372.684658390523,371.4656987068915,0.046849397642382884,0.7242024836094734,30.926973738647057,0.029131260197402753,0.014573362074997931,2231256.0278625456,830027265.8958107,0.004997914719074849,371.9573791986,371.98121035364267,372.22892734175343,371.4656987068915,372.2929302527519,372.684658390523,372.5845036557548,372.43646048298433,372.41292846305186,372.4091219210347,0.008720939921673193,0.004207982668110991,0.009019248395967003,0.008724272977251896,0.004211315723689693
58,0.01023237121160738,123.0,-0.0011954914,1.1227379406031026,109.53535174479862,11995.995549375442,0.000560594,0.00027083340000000003,1.2259640986600016,151.29005722007454,122.99999079220842,124.36695893962845,122.19479459524446,0.03523495813914224,12.27724901886472,639.2691313238,0.00604603031503359,0.0030233106857053826,737754.0467985882,90743760.93995807,0.004997904223972971,122.79868691050001,124.36695893962845,123.54023807044682,122.95241954879583,123.22676699290794,124.36695893962845,124.07269618645127,123.62978241401417,123.46703163131106,123.3017543053675,1.6665277893508874e-06,1.1665694525456212e-05,3.333055578701775e-05,1.4998750104157986e-05,3.833013915507041e-05
59,0.02846453579391701,342.0,-0.0790782914,3.121820736566081,109.52885528079453,11995.04685124302,0.0263926906,0.0131857395,3.412328977254007,1169.7329100019806,342.00229097566864,383.85644755831623,290.4249111377919,1.680473060913968,-4.743357984738452,289.37728433419215,0.7924838280520703,0.39834641219056266,2051329.9507570693,701576555.3845867,0.004998119173896366,341.6028940628,341.32241694668056,341.1034958188952,341.95295737121654,341.6472645579447,383.85644755831623,360.7035143009499,356.701275041322,356.65520216863086,355.8963037026472,0.0017998500124989584,0.009257561869844179,0.00905257895175402,0.009094242146487793,0.006534455462044829
60,0.01050513701405717,126.0,-0.0771683007,1.1502482677062658,109.49915465404924,11990.710216626903,0.022388366,0.010440452199999999,1.2614964565749966,158.83000780638247,126.00686520185748,174.61884178151416,89.10149483475591,1.3225126958431987,3.3301516876034816,527.4522512954467,0.3575707330379885,0.1787836963861622,755789.1459487359,95245109.5491509,0.004997945135985537,126.07214930569998,125.821653673759,125.62810241029993,125.90798996656955,125.86700329195601,174.61884178151416,150.00432566550202,145.64434442916095,143.305251762414,141.4282862473574,0.0004199650029164236,0.008334305474543788,0.008755937005249563,0.006454462128155987,0.005007916006999417
61,0.019898379700416764,239.0,-0.061027661,2.1816143038597127,109.53019602517573,11995.242641220235,0.0157552604,0.0078768101,2.3860719902360006,571.2460562595546,239.0014907702619,268.3696729961494,218.71352333834625,1.011301985728513,5.400294412163643,270.78241542479265,0.22257875647420633,0.11175142916493996,1433529.4692576986,342621458.71338767,0.004997932242137966,238.80045478469998,238.90574883850968,239.12393408455208,238.83912825596488,238.80997126997298,268.3696729961494,264.816522186097,257.8533999199562,252.65064116023729,247.6451268581034,0.00649779185067911,0.0008399300058328472,0.0021764852928922588,0.0022698108490959087,0.0009015915340388301
62,0.030454616156870402,365.0,-0.1128160954,3.3317041842286,109.53505685133975,11995.952485401267,0.0037084235000000004,0.0018533157,3.6597043479729825,1332.2552847535767,365.00023238932187,369.39573052888034,362.7580912826463,0.36109183717137805,0.3247048841841533,4.861809497423232,0.42367874577854536,0.2119202002070324,2189270.98976441,799085054.5517111,0.004997915010259319,365.4858484986001,365.37400688038514,365.45187442603867,364.8806752319729,365.16277617287955,369.39573052888034,366.8487669709019,366.7567801659671,366.67038511646047,366.56593275206166,0.0002999750020831597,9.165902841429881e-05,9.665861178235147e-05,0.008532622281476544,0.002116490292475627
63,0.00042935547723522906,1.0,-2.0075888634,0.30968647624656603,-3.9996538125689867,16.311483121838528,0.055903457100000005,0.022056892499999994,0.09243477423099945,23.009295285956448,9.136150276281843,932.281507168792,0.0030373902020981065,32.67700874445952,16.75635758328532,352.9935959604704,5.386605695460658,2.325536950226498,54803.60435850219,6906367.299671299,0.003929330554573534,5.1526950823000055,5.456111630766725,9.111081269985432,9.043589623453238,10.858905760560717,932.281507168792,855.369783932919,805.672446624078,667.6656762556776,623.0907507401265,0.0004499625031247396,0.0013515540371635696,0.0009015915340388301,0.0022531455712024,0.0018015165402883093
64,0.022750825882784566,273.0,-9.21898e-05,2.4919299511611386,109.53538276691127,11996.000079700314,4.20563e-05,2.10712e-05,2.730653007347976,745.2900002269547,273.0000029037444,273.03709236533297,272.97397023738625,0.0020377966244056176,4.016671115723317,94.89893172995319,0.0014137403168774654,0.0007074857261955003,1637454.000776981,447024942.44860965,0.00499791636653124,273.0326614193,273.0345712896558,272.9916591958666,273.0008765700456,273.0001303824909,273.03709236533297,273.0350629812901,273.0345712896558,273.0334740580186,273.02687966838704,0.00013665527872677277,6.332805599533372e-05,1.6665277893508874e-06,0.00010832430630780768,7.166069494208816e-05
65,0.022010750329872673,264.0,-0.0999569893,2.4098612368514543,109.52407531717112,11994.348820528096,0.025760971100000002,0.0128797406,2.642927681609975,697.0559144176141,264.0053810668703,282.1054959103113,255.44468913040708,1.4098935186892962,0.35854943586421023,5.668974348152654,1.7738764357759464,0.8864076362473838,1583504.702648039,418065799.4767858,0.004997997648359038,264.1510147087999,262.59183728087305,261.5785214234615,263.80090257754176,264.4233821013931,282.1054959103113,274.98744184420735,270.8216461973657,270.5918086010374,269.26758312201,0.0017998500124989584,0.006559453378885092,0.006556120323306391,0.0002999750020831597,0.007386051162403133
66,0.015226117661361642,183.0,-0.0264367983,1.6704352296877751,109.53136437098038,11995.413255998583,0.0115482272,0.0057605209,1.8245572936140002,334.9063775877592,183.0014575876145,200.0890374836075,171.06804306305358,0.5323496932469338,6.707704190224311,399.006731404514,0.10766090621811486,0.053588727641681544,1097643.089166449,200872048.6169148,0.004997843186216618,182.72863805399996,182.51496980447544,182.880854245481,182.8915378797898,182.69984656402985,200.0890374836075,197.60115752543015,192.08273928195362,191.77113899912695,189.49465885399712,0.0002999750020831597,0.000148320973252229,0.00010832430630780768,0.002549787517706858,0.00413132238980085
67,0.0010016714599450217,16.0,-2.244453907,0.20517731109528783,37.67634128151107,3090.6013877751125,0.07385391370000001,0.036841031100000005,0.07979623947200136,7.544498679264817,18.968520889414854,239.28642684500073,0.409445537827071,12.06182035568747,6.686755311914188,72.54886813437822,6.423919869107575,3.179438313215581,113779.00385309884,3031074.1962275864,0.004814588094991332,12.021059190799997,12.009639098626247,11.210427261731239,12.793128097858142,7.678101872281218,239.28642684500073,192.90234241297225,184.24600310494037,177.7338380177757,176.20599204065948,0.0020481626531122406,0.007471044079660028,0.000148320973252229,0.007759353387217732,0.007619365052912257
68,0.003992040940130012,48.0,-0.0253319908,0.4382022473828193,109.48990506864054,11989.359213675445,0.0100752167,0.0050372512000000005,0.4782310761330014,23.052755406337372,48.002834542546054,62.73330094242533,20.216671612354798,0.6092080923336155,-15.307390041335836,816.9032333431185,0.081663436826382,0.040782133071225246,287921.1024030793,13823260.305117112,0.004998610873581794,47.90848332250001,48.012684249434386,47.978145543134744,48.003238812937525,47.950088680385754,62.73330094242533,53.94392855163663,53.90462418831266,53.274374810829066,52.62121009308439,0.0018015165402883093,0.0008649279226731106,0.0015948670944087992,0.007441046579451712,0.0008932588950920756
69,0.029332264172535538,352.0,-0.0980480215,3.2130995106239717,109.5290814024088,11995.079869324318,0.0262136454,0.0130876091,3.520429939259006,1239.1350196335015,352.0044014168973,383.8396271968759,314.915783909122,1.2563968256075562,0.334361470002022,258.7405694342291,0.8245056149789889,0.41251815315808926,2111322.1873891866,743204097.5705233,0.004997820060753827,352.0165023346001,352.24380113585806,351.52274327301063,351.7820340866557,351.60584295474456,383.8396271968759,382.0493459469885,361.1397695931097,360.31106944165253,359.9359733686093,0.006494458795100408,0.00010165819515040413,0.0035130405799516707,0.003423048079326723,0.007096075327056079
70,0.030796608645112775,370.0,-0.0905234648,3.3773940931983186,109.53024588897655,11995.249925335676,0.024076055399999997,0.0120376594,3.6915016222670367,1369.085575812702,370.0030961448224,379.2260592679342,358.99638353127114,1.444175862167543,0.010335688166490067,3.125284043125676,1.7388872317363848,0.8734285877288812,2219278.427713282,821152348.012793,0.004997949330956269,369.5901003499999,369.2098722141122,370.01105835499817,369.4030321234017,370.659620893417,379.2260592679342,378.9589945534129,377.4179029422769,377.4109646275638,377.3757107616524,0.005712857261894842,0.0003966336138655112,0.005739521706524456,0.006507791017415215,0.004124656278643446
71,0.02382684266575304,286.0,-0.0978422165,2.610643440146544,109.5290767579431,11995.079199398218,0.020178007999999997,0.0100932911,2.8588616666740037,818.0227738144282,286.00275737960646,297.6321569629766,273.8808400698135,1.222024359952119,0.052206704607702666,4.7658875330348165,1.5112368631998265,0.7528498396816872,1715444.5326779368,490630823.3012305,0.004997784119060573,285.94593883170006,287.37850354137663,285.82655395298644,285.3513160120223,287.763429861569,297.6321569629766,295.8797578554887,293.60282420664294,292.7976175788161,290.79724320150956,0.004492958920089992,0.0002533122239813349,0.0026514457128572616,0.0010432463961336555,0.00646112823931339
72,0.008147222508799233,98.0,-0.0297676288,0.8945916447691316,109.51609325187754,11993.183219799163,0.013626672700000002,0.006812996399999999,0.9755331977060034,96.06254822604744,98.00454330266689,108.66244525589717,85.25296503589048,0.48012662265927536,1.4101830241179976,248.63999318464485,0.13183822950252022,0.06588268281964815,587831.426746024,57611550.632683,0.0049980891579354415,97.77481732809997,97.90550984921698,97.88488132438823,97.75243257104817,97.96034994101653,108.66244525589717,107.64309755408891,107.2225862873108,107.0404760638683,105.69487009104405,0.006551120739938339,0.0017998500124989584,0.004381301558203483,0.0002099825014582118,0.0002999750020831597
73,0.021661491738638558,260.0,-0.0223777629,2.3732770400179675,109.5339473246691,11995.790455388596,0.0100332298,0.0050183911,2.599202576303003,676.0118091859147,260.0005807056856,268.4930314879209,232.8867867111056,0.5336992195653875,-29.155989014263632,1351.4091741889758,0.11862291362172073,0.05921257938405233,1559483.4572758663,405468306.50462043,0.004998058356512333,259.95956235540007,259.95108547205604,259.9989935471946,259.99291822351114,260.0072600906552,268.4930314879209,264.80820233294605,263.8425550533485,262.98625947968225,262.9243139131774,0.004771269060911591,0.006229480876593617,0.005972835597033581,0.004741271560703275,0.0003016415298725106
74,0.003045488841879795,37.0,-0.0399632305,0.33793831097183735,109.33722985521872,11967.071658465446,0.0162598491,0.008143738900000001,0.36103663485200144,13.723062376397623,37.01125636869332,63.38380730149834,6.827867259724655,0.9046893758219449,-6.801805788007833,499.149742909406,0.1779102415366225,0.0887107624455652,221993.78160469214,8221188.454158471,0.004998736790915829,36.548911591400014,36.92491099837525,36.662509980387895,36.85386581787946,37.106763342766605,63.38380730149834,50.77170681751886,46.52457164561465,43.890980962583534,43.83096232141734,0.005244562953087242,0.00015498708440963253,0.006444462961419882,0.00914590450795767,0.0023998000166652778
75,0.02833843544217984,340.0,-0.0003963587000000001,3.103502468336919,109.5353825291188,11996.000044974286,0.00017362980000000002,8.62557e-05,3.4017906131650113,1156.000003707924,340.00000778278263,340.1199263577828,339.9242334726703,0.00460060960619766,6.729282621687693,245.77691194395973,0.0016029749413064565,0.000802575551119844,2039320.0023817096,693368801.7425241,0.004997915975873024,340.08956374159993,340.09922181703473,340.0229017234168,340.10252593322446,339.9825168234141,340.1199263577828,340.10252593322446,340.09922181703473,340.0809446321437,340.0465187614684,0.00020498291809015914,4.999583368052662e-06,1.6665277893508874e-06,0.00019165069577535204,0.00023998000166652777
76,0.0036407848641113027,44.0,-0.039637275,0.40177550665813666,109.41637560875091,11978.624135533326,0.014671909600000001,0.007348315500000002,0.4338776010569985,19.38806384486524,44.00739813535234,60.629717442647504,15.642353391097192,0.8580081290881069,-4.501646107941724,265.783801022682,0.2967306576668136,0.14759166556471826,263956.0049279969,11620416.48470905,0.0049980668035953316,43.69305915419997,43.65199624015389,43.78272142729467,43.71442684700843,43.65675582990913,60.629717442647504,58.50410626582861,53.90885973533874,53.33098035650879,51.92798896629608,0.0008665944504624614,0.0008349304224647946,0.0012382301474877092,0.0008049329222564786,0.0002483126406132822
77,0.01900687281099061,228.0,-0.0819242001,2.081376052740027,109.50319790959301,11991.300219456984,0.0482202345,0.024112951,2.281993679489984,520.0436578136532,228.0182917489946,309.5747804913929,215.10590863518476,1.3504328342535217,37.00199307678644,2225.897393173988,0.6952993614329444,0.3474808779118348,1367653.6641413998,311860981.03929317,0.004997390078801265,228.10148060470004,228.27370460452903,227.35305150590798,228.50891081242003,227.85178305280104,309.5747804913929,245.31240850192108,240.23013477721145,237.9006986065728,234.45552440798028,0.0002999750020831597,0.00015498708440963253,0.0002949754187151071,0.005252895592033997,0.0005999500041663194
78,0.024831605948054305,298.0,-9.81473e-05,2.7201286885387352,109.53538277864911,11996.000081414446,3.20519e-05,1.60148e-05,2.9800820262869965,888.0400001415456,298.0000003337276,298.0219916788631,297.96331224999534,0.0017188939304480966,-2.7700732179380987,84.07148022373386,0.0015703445566259688,0.0007846224799550328,1787404.0001136411,532646392.08544624,0.004997916920964933,298.0041029826,297.9940711747993,298.01449615519596,298.0050985981461,297.9991688088944,298.0219916788631,298.01994573640985,298.01737281855253,298.0151294993407,298.01449615519596,5.166236146987751e-05,5.499541704857928e-05,8.499291725689525e-05,8.332638946754437e-06,3.3330555787017748e-06
79,0.02399821823916335,288.0,-0.0001454353,2.628849203456742,109.53538276801629,11996.000079861684,4.06201e-05,2.02623e-05,2.8800528593050045,829.4400002394341,287.99999955801303,288.00974881574075,287.98742334896735,0.0024265364417246143,-0.04204709239278539,0.3506736958577501,0.0032301858045116205,0.0016210070234592422,1727423.9959337513,497498109.69315994,0.004997917442434764,288.00261708819994,288.0013287844751,288.0015396042699,288.0018626427215,288.0036951547948,288.00974881574075,288.0087492395448,288.0085071744854,288.0084373178482,288.0083626861018,6.66611115740355e-05,0.00016331972335638695,0.008530955753687192,1.3332222314807099e-05,0.009489209232563953
80,0.023416008405166507,281.0,-0.0937689915,2.5649980433979387,109.52968218043738,11995.16760582151,0.019635949299999997,0.0098181721,2.8102794940160023,789.6647804706932,281.0026328913495,304.11492712966316,265.22060680972004,1.1533546203848968,0.4020016284424763,43.15744145543653,0.7669200936203424,0.384717308936672,1685453.8322684378,473624955.8032764,0.004998068566681034,281.01551687039995,280.59922218053424,280.9874363453873,280.5043805187539,280.82112011573025,304.11492712966316,290.52572620325014,288.08658236593595,287.7610852696499,286.7757112352614,0.0055545371219065075,0.006827764352970586,0.005586201149904175,0.006614448795933672,0.006846096158653446
81,0.007333012839271751,88.0,-0.0352976769,0.8033048021748592,109.51683945429276,11993.292199869953,0.0118215191,0.0059104794,0.8803008676699958,77.45747249151998,88.0017036198517,124.11373114493904,77.19473943567311,0.750670356342582,18.751413143322875,944.459626718553,0.28733285291558275,0.1439660830832281,527834.2322323782,46453693.36231108,0.00499862876520297,88.00348708410002,88.1912386049408,88.18640853182485,88.03912251303805,88.15066982046528,124.11373114493904,103.08547543135333,95.40588464954575,94.90408625055495,94.30437029034502,0.0055545371219065075,4.999583368052662e-05,0.005606199483376385,0.007436046996083659,0.009667527706024498
82,0.013078617739788311,157.0,-0.051991581900000014,1.4331807745460405,109.5141015354671,11992.892370193122,0.021920234900000002,0.0109525428,1.5690749422029981,246.55384712727707,157.00335801707172,222.55750138261243,123.185417128857,1.4583706427906935,15.60337669486879,857.3251908933888,0.18004766334112787,0.09036900694815131,941706.0958928297,147863771.10982364,0.004997711997561789,156.95649149519994,156.89088770733832,156.93812281997467,156.9038124247894,156.96354304878193,222.55750138261243,193.73830821371547,183.43563097510852,176.9392441921179,173.50201711767554,0.0002999750020831597,0.00010999083409715857,0.0001466544454628781,0.006496125322889759,0.006522789767519373
83,0.008657074977676895,104.0,-0.0577518009,0.949328180521582,109.52795957967395,11994.916053419625,0.0085537955,0.004276823799999999,1.0378770422569952,108.1697714023976,104.00108136705178,124.87593922688833,92.83468745605644,0.5047256857524303,8.324937245525314,588.1175971165031,0.24520052889094757,0.12267185184660434,623798.5507128013,64877258.78275662,0.004998004502460545,103.8935568071,104.06221823680316,103.97784644739214,104.17543793340185,103.83761505715482,124.87593922688833,111.6021574377743,108.54036022567698,107.45932302348908,107.3397841214471,0.0023998000166652778,0.005504541288225981,0.005654528789267561,0.006546121156570286,0.005507874343804683
84,0.007479948410399174,90.0,-0.032036423700000004,0.8215387662497667,109.52609684381875,11994.644032039858,0.008469822299999999,0.0042417919,0.8953132291880046,81.00915415939684,90.00107013247445,111.22422061768674,79.13677624052096,0.5107302965646219,12.799104240455303,593.6331132637624,0.19820047490453874,0.09941663819897428,539826.530647669,48586540.307979226,0.004997833701554276,89.76686087320002,89.7810640628266,89.96152862286476,89.35635866965376,89.37075193525656,111.22422061768674,100.27649872619898,98.47665025828421,96.55402455786756,96.22408620430187,0.0002533122239813349,0.0019048412632280643,0.0052595617031914,0.0001466544454628781,0.00045662861428214316
85,0.010580677499208414,127.0,-0.0750355348,1.159377139003065,109.4991985752714,11990.716619218627,0.0227396693,0.0104430709,1.2694381200770064,161.36103577691307,127.00695476247147,163.32919667859912,95.86141775457071,1.3528176781854158,4.909387287726943,274.972257839958,0.3852853790748014,0.1927892129836124,761787.944088964,96763374.86270198,0.004998172034882418,126.97871066799998,127.1891384928463,126.87334683113494,127.10051726426587,127.13532319666471,163.32919667859912,159.9927172241806,152.66138150612414,147.2963144418564,145.87757343833633,0.0037480209982501457,0.008334305474543788,0.004587951004082993,0.005007916006999417,0.0008399300058328472
86,0.0006412318688692524,5.0,-1.9134237766,0.3000965949444483,-3.538837940529519,22.36856548764335,0.057854373,0.02387540790000002,0.10339851873599916,21.36578575633221,10.743701036818852,838.6761234370649,0.016576688069644536,31.07463295143406,16.853978894162026,353.45956303603276,5.241382029545016,2.4254033308087743,64443.55198818176,6485215.8675011825,0.004223048858761955,7.695423658300001,6.24266672385236,12.245080393047232,21.336128800982635,14.160444573841325,838.6761234370649,830.1619201487847,788.3752614840503,703.7771611492568,551.8357293912813,0.0004499625031247396,0.0009015915340388301,0.0013515540371635696,0.0022531455712024,0.0018031830680776601
87,0.01743171475806185,209.0,-0.1092382446,1.907998453783144,109.49106088202403,11989.527943411027,0.042804952699999996,0.021302764300000002,2.0942340399959956,437.04567917553476,209.01506662914173,232.72216815641374,68.41375402933828,2.3334379121833724,-40.7731777023491,2316.5632093487334,0.44606762114810294,0.22272703450502718,1253671.9628030302,262068907.73533353,0.004998040153312121,209.19800881150002,209.1499959356,209.27710087689772,209.010044298651,209.39670207287014,232.72216815641374,223.27353344183024,220.6697171512976,220.58281460584945,217.7244153373126,0.006529455878676777,0.0056278643446379464,0.00019165069577535204,0.006532788934255479,0.002099825014582118
88,0.029504290256512127,353.0,-0.084137759,3.2222270167817997,109.52906180025951,11995.07700604864,0.0267246553,0.013314159400000001,3.5519835623110185,1246.1858473101763,353.00338704903965,404.35906900047723,284.7951829315285,1.5960565976220356,-7.91300147669256,756.4852538670643,0.8216716843325003,0.41236300660381175,2117313.99915017,747434182.619705,0.004998129858407661,354.0809873684001,354.06262921025933,353.68580166327575,353.5774356376531,353.915102150749,404.35906900047723,370.6551979202014,369.86417724633407,363.91134066675556,363.0110376967834,0.006494458795100408,0.00010832430630780768,0.0073893842179818345,0.00015165402883093076,0.0002983084742938088
89,0.022826357032955543,274.0,-0.0001645088,2.5010579710041116,109.5353827600198,11996.000078693922,4.7682599999999996e-05,2.3898600000000002e-05,2.7387820434790147,750.7600002959942,273.99999504009895,274.10399807609303,273.9286155523471,0.003025598907928073,5.63930228100094,382.2912909549564,0.0014045613517055244,0.000701768915860157,1643452.0014826693,450305848.8655642,0.004997916359085175,273.9391107525,274.01969173715526,274.02216245881806,273.98929068784634,273.9982744912425,274.10399807609303,274.06778417797926,274.04118739363224,274.0345014589805,274.0303234382672,9.832513957170236e-05,7.83268060994917e-05,0.00010832430630780768,8.165986167819348e-05,6.999416715273727e-05
90,0.019484449452012203,234.0,-0.0541233495,2.1359748566162255,109.53003586636274,11995.21925444762,0.0155422464,0.0077807431,2.3366021260139846,547.5956307054901,234.0019135762346,256.8586142389036,201.03692800178447,1.0417423346773098,-4.8698014346367575,274.06677771126436,0.24129952485660056,0.1210280634763592,1403543.4881972054,328438374.7503959,0.0049978990170331215,233.83287787359995,233.82106212802503,233.70290068122958,233.93868466979845,233.72757674620047,256.8586142389036,248.01084623699964,247.51935625277918,245.50643897049378,242.67326598460215,0.0008399300058328472,0.00649779185067911,0.0002083159736688609,0.0023314723773018914,0.0009015915340388301
91,0.01076685330805774,129.0,-0.0740328059,1.177630748527997,109.5003481898129,11990.884449547024,0.022988249500000002,0.0105388398,1.295000459059002,166.48090899564647,129.00618509401173,179.2906306291456,87.04730471250241,1.3953259735607828,9.125222833581477,628.2797321482099,0.36174039011717696,0.18126273331276366,773779.1915833643,99833993.22077124,0.0049991750689229964,129.21300654999993,128.64109866186973,129.27437637828788,128.9421144068195,128.8971857607779,179.2906306291456,174.07269934603693,149.9318560453481,146.40274313835025,144.011973868485,0.0037480209982501457,0.00833597200233314,0.008755937005249563,0.007916006999416716,0.0068744271310724105
92,0.007944472975552069,95.0,-0.0293048192,0.8671821756368095,109.52503049286331,11994.488310350114,0.0095799882,0.0047886602,0.9568528280639949,90.2613710134237,95.00203729051294,105.11155579827356,79.28041400688718,0.4363419691637287,-4.644019783795398,382.2267535348827,0.19984583508087894,0.10009559652237954,569822.0639840646,54135384.298666656,0.004997812600357407,95.34162017960003,95.12701407934107,94.97733317660415,94.8293700885411,94.47991366655049,105.11155579827356,103.20569949164701,101.28346120915919,101.09946611208464,98.79971886295391,0.0026447796016998582,0.0002533122239813349,0.005254562119823348,8.499291725689525e-05,0.00045496208649279226
93,0.020202484646471112,243.0,-0.0819506924,2.2181337143840203,109.52919246354313,11995.096092355892,0.0171334099,0.008558349299999999,2.418869373918979,590.5344844559484,243.00186596463593,265.54081307852607,232.18932639993452,1.0726558075977526,1.6238004219152606,46.81152278027031,0.9611855795083102,0.48047988381165396,1457525.1488007342,354188222.37415993,0.0049978221155391415,242.45001824229996,242.63405222643541,242.38263004337952,242.53507168844033,243.37019015795713,265.54081307852607,256.9453319425638,253.12760698456023,251.85722931193575,251.01674854158622,0.006552787267727689,0.0017331889009249229,0.001788184317973502,0.0018415132072327305,0.0017998500124989584
94,0.013894558429889127,167.0,-0.06546955559999999,1.524422608932964,109.52352605810326,11994.26862536978,0.0180033176,0.0090189438,1.6650093157260002,278.93024485828715,167.00353096372928,184.2628501714241,150.9822788979301,0.8770481818997912,-0.19544132455979987,116.76754882344967,0.3778750259963317,0.18964558738517212,1001687.4042353681,167289985.551131,0.004997993409280599,166.74859571709996,166.78920933465614,166.57460716049013,167.0408679039996,166.76025461469357,184.2628501714241,183.3892591062326,178.79253401131436,177.6249964059147,176.3761508219195,0.005162903091409049,0.0016531955670360803,0.0019465044579618364,0.0020948254312140656,0.0054462128155987
95,0.01965025446295305,236.0,-0.055494353200000006,2.154229013131368,109.53034792687967,11995.264824921936,0.0158263352,0.0079177493,2.356636723343984,556.9941240836467,236.0018148886091,262.0273540980702,213.80598098854813,0.9579592556567671,-0.37672507537741007,210.9980152559208,0.24532727026752355,0.12226336143200456,1415538.6643436286,334075146.57769746,0.00499805900614932,235.82270380990002,236.0051848123009,235.83405787617292,235.79410415125835,235.86952993478735,262.0273540980702,250.7702546994112,246.01882266381085,245.91882440802806,244.11169473763266,0.006496125322889759,0.0022998083493042244,0.0009015915340388301,0.0007149404216315306,0.0008715940338305141
96,0.023101060604149688,277.0,-0.0994582176,2.5284841524834305,109.52985055783058,11995.192195417567,0.019007091400000002,0.0095060208,2.7745194962279998,767.3416558383464,277.0022932596244,287.4086191664559,255.85560597716812,1.0912603241251688,-0.832482466061138,33.609476834354155,0.7564334535921944,0.37894656349686784,1661459.6771998021,460235263.0732876,0.004997873393790614,277.23582831039994,277.2296068155037,277.36315350266204,277.1407101265693,277.4000139276089,287.4086191664559,286.9299043727776,286.3036960536387,285.6671969458352,284.9296107412496,0.006842763103074743,0.0010149154237146904,9.832513957170236e-05,0.006849429214232147,0.006794433797183568
97,0.003903579578801737,47.0,-0.0457260534,0.42915300194935957,109.42873519973809,11980.428523156834,0.014320894599999998,0.007159729000000002,0.46700499034499976,22.118692174549658,47.00746374838805,55.975385014198814,24.37841833084019,0.8627930329735977,-6.11340341596437,180.13519317407713,0.28889068222880354,0.1446471611744542,281951.22124175733,13258298.572409209,0.004998863387849135,46.84685852519999,46.96255775815036,46.79246751573482,46.84166181538802,46.89051914393809,55.975385014198814,55.05083270312178,54.780572790225705,54.71960038966782,54.58164982563886,0.0008049329222564786,0.0007732688942588118,0.009975835347054412,0.0008649279226731106,0.0012065661194900425
98,0.01709620874224642,205.0,-0.1375469863,1.8714949486548749,109.48874473569856,11989.189746342912,0.0424867068,0.021099834699999997,2.054052762743023,420.48856674717115,205.02011175633947,230.8794310787602,89.40375511908064,1.9204153024005581,-37.02318222081394,2212.9064526987295,0.5116525003068944,0.2548080047443477,1229710.792411522,252137601.47832692,0.004998584236175977,205.17160111570007,204.96652162933322,205.17344259222054,205.41024122382277,205.2610521884669,230.8794310787602,224.5214613136766,216.87391319180747,216.11759573780336,215.29346647639161,0.006227814348804266,0.006527789350887426,0.00010832430630780768,0.006556120323306391,9.832513957170236e-05
99,0.028143798564552822,338.0,-0.00016696560000000005,3.085246824355685,109.53538275992084,11996.000078679464,5.99229e-05,2.98023e-05,3.375074582891012,1142.440000543503,337.99997956946385,338.05165838559606,337.7537265732001,0.004188223402666702,-35.6394306844387,2038.104202304061,0.0016204036460294446,0.0008094446795325894,2027324.0005509057,685235512.447319,0.0049979179027088505,337.7537265732001,337.97426796995717,337.9694275417519,337.9874104677135,338.0172000685027,338.05165838559606,338.0333728369228,338.03154255326405,338.0294033903953,338.0283674562791,0.0001999833347221065,1.3332222314807099e-05,8.332638946754437e-06,0.00021998166819431713,0.00020498291809015914
100,0.02998304079145884,360.0,-0.1849134929,3.2861103848120323,109.5305074612818,11995.288125320798,0.020841843,0.0104284901,3.59627562854399,1296.0768885034038,360.00225693794584,371.8046641687259,351.3019782888632,1.4062507859834408,0.10328477499319201,5.735647672394613,1.3614392094806362,0.6800868195427938,2159293.552798247,777362421.2895802,0.004997724206592394,359.82647253830004,359.14934570154634,360.1931536307844,359.9592608600375,359.3513054041689,371.8046641687259,371.38651213033546,368.41954921143116,368.11222289417117,367.4101826223317,9.665861178235147e-05,0.0002999750020831597,0.008735938671777351,0.008765936171985667,8.165986167819348e-05
101,0.013382681843621385,161.0,-0.0498921201,1.46968629435038,109.51609283839569,11993.183148960412,0.0216777176,0.0108335302,1.6020311850789914,259.27085849014225,161.00426762980265,193.45396119795083,95.2382186951096,1.2861186224905292,-16.936258160621158,1267.4362508522286,0.18181255497734128,0.09046236259806051,965703.8981637129,155492420.17297474,0.004997815643304905,160.60556480530002,160.66973074363673,160.63066451836565,160.64374988455248,160.61971723531605,193.45396119795083,183.8392956166516,182.98166307884472,182.8449882760542,176.62293075219657,0.00010999083409715857,0.007392717273560536,0.006499458378468461,0.0002999750020831597,0.007097741854845429
102,0.014079754233563939,169.0,-0.0857920945,1.542726685185785,109.51336776816999,11992.785229048099,0.023794622199999997,0.0118934444,1.689185669153996,285.6865259824066,169.0063416682884,206.85384182438276,129.8767478277735,1.3105658203970256,1.2613728764488539,287.4746809392748,0.40899724741905175,0.20632674845833776,1013700.0838339524,171332054.3544301,0.004997782438438351,168.971130557,168.77460478080337,168.65905023872259,168.67336247877796,168.6247042733005,206.85384182438276,192.06070394279752,187.78126704937392,184.40290494600077,181.8241145206384,9.999166736105325e-05,0.0017998500124989584,0.0065211232397300225,0.009467544371302391,0.0020964919590034164
103,0.005511184158295205,66.0,-0.0037979477,0.6024448595858697,109.53518839833374,11995.971695146309,0.0005681888,0.0002838726,0.6627947965430044,43.56010308177041,66.00002769195673,67.60865867359757,64.48995610207736,0.05643397686103052,-1.060869423521537,318.59292200649384,0.02180368916570785,0.01084170509339799,395868.098493821,26127320.09699571,0.004997927206875264,66.13972108369998,66.02234495005844,65.87913821822728,66.12943495763362,65.91381944166835,67.60865867359757,67.05039310610532,66.8831898605703,66.75840779503336,66.54771706812538,0.004782934755437047,0.004779601699858345,0.004791267394383801,0.004786267811015749,0.0047696025331222395
104,0.013109212263111358,158.0,-0.0577094108,1.442299371534617,109.51647647917217,11993.239173597065,0.020551684299999998,0.0102994626,1.566500732104998,249.69744676844476,158.0043197598237,213.95683558656586,133.04987481081713,1.220198836611808,15.641439644391502,844.8036701290997,0.2251374416885028,0.11268028685478271,947710.3486994986,149751329.87604153,0.004997947790326064,157.32365636959997,157.14691755253486,156.84391149306552,157.57026876908301,157.33187191325047,213.95683558656586,179.51767774295286,178.17187115074444,175.7743170796399,174.45568143569503,0.0002999750020831597,0.00010832430630780768,0.000148320973252229,0.00649779185067911,0.007392717273560536
105,0.011753785703283082,141.0,-0.007982041700000001,1.2870443824971887,109.53444581079462,11995.863251451636,0.0049017337,0.0024555086,1.4110960591290007,198.81226676047078,141.00003560163012,163.91330884502733,136.71775413212347,0.3246387131252668,58.7184701231501,4145.169399002137,0.02211682021862771,0.011052782301248953,845718.1899082286,119246923.78881873,0.004997792681513676,141.0571822251,141.22036651764546,141.0287684880539,141.10837958082362,141.0755260556725,163.91330884502733,144.4191269228688,144.06231511378675,143.41335305556336,142.15746969753434,0.0002999750020831597,0.005704524622948087,0.006231147404382968,0.006831097408549288,0.0008999250062494792
106,0.0244937710839596,294.0,-9.65595e-05,2.683616935364545,109.53538277889258,11996.000081449998,3.19862e-05,1.59295e-05,2.9389948581029905,864.3600001393847,293.99999570442765,294.0383588636563,293.94974677860006,0.0018246915295881151,-1.0534162280196744,170.41826650802804,0.0015798742505239716,0.0007903778547415641,1763411.9995423497,518443127.7496127,0.00499791692999827,293.94974677860006,294.008693914529,293.99430271484573,293.99191864084634,293.99758049908564,294.0383588636563,294.0353953457599,294.0200020221273,294.0178972569002,294.01638908786424,4.332972252312307e-05,4.999583368052662e-05,9.33255562036497e-05,1.1665694525456212e-05,2.499791684026331e-05
107,0.016157951196133606,194.0,-0.0516604818,1.7708577440811883,109.52876784697072,11995.034078957846,0.0154252979,0.007704085499999999,1.938209050369987,376.39029891262913,194.0017165621753,208.33684339729152,147.37565578620587,0.9170189443247317,-20.39474478181584,1135.8943420988116,0.32508297696736577,0.16264125090694392,1163622.4081352465,225749811.0630021,0.0049977601705994135,193.9115723048,193.91483396996,194.01281475340133,193.959243183582,193.99548883418836,208.33684339729152,205.97525903573458,204.69442753022204,204.2987288477523,200.77101292608862,0.001849845846179485,0.0017998500124989584,0.004747937671860678,0.005349554203816349,0.00354970419131739
108,0.007399702526731068,89.0,-0.036954142200000005,0.8124340578129584,109.51658056747061,11993.254395360444,0.0121382503,0.006075530599999999,0.8862007639260033,79.22812546948138,89.00291212678172,98.25117357133524,68.97262273243898,0.6181570302385295,-5.778965172594935,288.4898364427503,0.2798547624438754,0.13984159902429383,533839.6297321822,47515588.44288945,0.00499811051202702,88.8038300233,88.95006056123412,88.86374902572459,88.86382428033336,88.72789775673242,98.25117357133524,97.66641908010449,97.19273434793017,97.15153630286413,96.43947683816396,0.005556203649695859,0.009667527706024498,9.832513957170236e-05,0.0005082909757520206,0.005606199483376385
109,0.003227755700549949,39.0,-0.043057628,0.3561762955358325,109.36374916797854,11970.942324266458,0.0161109883,0.008042249300000002,0.38487168733600147,15.241808572759167,39.009603586371526,82.78927238548886,31.608752042450245,0.9148795249865487,23.944021127815674,1000.9112483919286,0.1482987798779618,0.07416895778331423,233979.68910316925,9132479.452849064,0.004998897823716134,38.7362961623,38.25953971065812,38.76422121998658,38.675918245283064,38.76655923936204,82.78927238548886,60.620083945452244,59.42809202161556,53.31390051314317,50.54549966970377,0.005242896425297892,0.0002999750020831597,0.008992583951337388,0.0064427964336305306,0.00704274643779685
110,0.0012876817126906035,10.0,-4.2470903397000015,0.213312761308632,3.4204760859073318,459.33521850864133,0.0635834876,0.0307822144,0.20817985021899965,9.92178909896115,16.12152930714139,421.86142316988474,0.18779554045402214,16.920623166537805,8.569569803664338,123.44292627914128,8.70876358683393,4.098968124740585,96699.6984203146,3276538.1823696317,0.004319052595789941,15.453468233999995,15.679275184801162,19.90641639440111,24.55874061295266,2.645667586716373,421.86142316988474,309.75629534501326,265.26073942485124,245.5320679611754,242.09595088727087,0.0007332722273143905,0.000148320973252229,0.0008815932005666194,0.00161486542788101,0.0022014832097325223
111,0.006408210988159267,77.0,-0.0276068933,0.7029086096690172,109.50897036754593,11992.143100776939,0.0124280071,0.0062189057,0.7679483858810029,59.30905906066711,77.00232625754178,106.82582405495214,64.4531082343393,0.772725958173645,21.530310421556614,831.8896232761091,0.1909315071875568,0.09460686919703676,461859.8788888707,35567861.381481886,0.004997137178294505,76.9049400689,77.22038851037047,76.7742566592065,76.64366108379977,76.60787779601463,106.82582405495214,103.86741374185839,102.4097732339151,85.89523988754651,81.0005871979416,0.0002999750020831597,0.0017998500124989584,0.006559453378885092,8.165986167819348e-05,0.0020731605699525037
112,0.021142197721564858,254.0,-0.0377987839,2.3185199909313132,109.53242981411452,11995.568847145432,0.013241970700000001,0.006613443199999999,2.5345248593949887,645.1831853835488,254.00130156311496,271.82343956287485,246.16137399826354,0.7224050027824708,4.274676076665446,122.97141691545124,0.4911979636828221,0.24537307808964215,1523500.0069587112,386974166.1922759,0.004997790835298026,253.72751485649994,254.13549416277115,253.66531310691806,253.5589066050086,253.69786928834142,271.82343956287485,266.7417393305772,266.60253514005484,265.11253971591697,262.9782239488116,0.000148320973252229,0.0002999750020831597,0.005186234480459961,0.0054812098991750685,0.0015015415382051496
113,0.02370616591208219,285.0,-0.1823653611,2.601516571228209,109.52896129813827,11995.062340178922,0.020137402399999997,0.0100591303,2.840033793828993,812.3134770139717,285.0029859439372,291.2953362006773,271.05488121956193,1.2386504985677202,-0.10964192930192387,3.5221734131925038,1.5755704544410492,0.788127877536624,1709448.0998840341,487207070.84914416,0.004998070214656462,284.4976971108999,285.7500832136959,284.5354797409916,284.6447850764744,284.5235525494422,291.2953362006773,291.1956110402852,290.7437113558989,290.48968092413,290.45895375495115,0.0026514457128572616,0.0002549787517706858,0.0025047912673943837,0.006886092825597867,0.00048162653112240644
114,0.02733716917369379,328.0,-0.0014761510999999998,2.9939671409068462,109.53537771114232,11995.999341381144,0.0005877072,0.00029164990000000003,3.281458043529992,1075.8400665181766,328.0000074876044,330.7532155224658,327.2712025956073,0.04068949272572549,50.24713963559309,3517.9524711809913,0.007501757380055096,0.003751866080676791,1967344.0027838068,645288843.75558,0.004997912070317522,328.07336725349995,327.7068693039916,328.0057626896178,328.0043516932342,328.0158306498834,330.7532155224658,328.34988224178545,328.2990019413596,328.20069808345914,328.1964634581978,0.0002999750020831597,0.0017998500124989584,0.0008999250062494792,0.009299225064577952,0.003599700024997917
115,0.008010368234163835,96.0,-0.0306919944,0.8763360612111364,109.51547179479861,11993.092471364653,0.013649548400000001,0.006816387300000001,0.9625424197750052,92.18233341687879,96.00280405760782,117.38680111058154,60.71474161087831,0.7609114114458224,-13.474547701923772,968.2448633341578,0.1356876536064533,0.0678313142096556,575824.8831760312,55284282.9135773,0.004997301925318472,96.13242917819996,96.40667252222559,96.20644115258169,96.09518407299669,96.22415125178895,117.38680111058154,109.06673079780656,108.72880714510472,106.19446780546447,104.06525666555487,0.0002099825014582118,0.006551120739938339,8.665944504624614e-05,0.0017998500124989584,0.0065311224064661276
116,0.002005338634055502,24.0,-0.0211305283,0.21918381887499974,109.36587875866037,11971.252618260187,0.009938998599999999,0.0049662332,0.24124373417299816,5.771896590005714,24.006193877744458,40.3897680414134,11.259301780679996,0.5455709280447746,8.050433518416913,343.55593422206107,0.17135552870124826,0.0854368548870994,143989.1366065763,3458416.3729410693,0.004997512720299959,24.066068947299996,24.186047254292664,24.15422846443037,24.107577685546072,24.129332496146546,40.3897680414134,36.554992378836126,36.50594593686931,29.273757086299966,28.362621640728904,0.005349554203816349,0.0002483126406132822,0.004752937255228731,0.0005999500041663194,0.00022998083493042245
117,0.004936717933838827,59.0,-0.0242344365,0.5385918994097327,109.50907404816658,11992.158217502289,0.0092284223,0.0046085938000000005,0.5950183710039973,34.82114623057666,59.003242299978545,72.79322098710253,48.362530897955985,0.42718067103427754,3.3675023669503874,309.28161305434026,0.10186656146545658,0.05121173409656876,353901.3929632503,20882421.111553818,0.0049981741417144615,59.245551924000004,59.347334260681585,59.28759458697407,59.27231131827695,59.25016241998292,72.79322098710253,66.68041449892058,63.986384928628645,63.72121596077155,63.704679750321404,0.00010165819515040413,0.006547787684359637,0.00020498291809015914,0.002099825014582118,0.000148320973252229
118,0.025249792424106295,303.0,-0.0037122944,2.7657685260848357,109.53536987492289,11995.998197019837,0.0010069660999999998,0.0005034317,3.0304664506869647,918.0901443048706,303.00001818122473,303.99747565721896,302.4850868528863,0.059256395148095595,0.6291267181736997,20.497934091928773,0.054978449451255074,0.027523590254929786,1817394.1108364416,550670470.2306919,0.0049979170383086385,303.02275888169993,302.7572716376454,303.09171151795584,303.0187079636615,303.06688418609355,303.99747565721896,303.5093221120805,303.4019705455747,303.38551947876874,303.36301192859895,0.00011332388967586034,7.332722273143904e-05,0.0006249479210065828,0.000118323473043913,0.0006666111157403549
119,0.01999555951419058,241.0,-0.0672401259,2.1998809290024925,109.52873115244776,11995.028722891968,0.0176770969,0.0088420234,2.389128679221014,580.8570151002272,241.00239103790108,258.37354201027335,223.87022810694054,1.0675296235208183,0.6047118121065957,36.62795123771983,1.0137701709722933,0.5071402789916704,1445532.2120899681,348383523.46435684,0.004997653959721071,239.96670972979996,240.93551809930875,241.05982522857863,240.72343051989935,241.84448418718654,258.37354201027335,255.01668020406717,254.31767451473303,248.1961304711562,247.0024592235044,0.00010165819515040413,0.0017331889009249229,0.001788184317973502,0.00018998416798600117,0.0018415132072327305
120,0.01800132020341648,216.0,-0.0004164415,1.9716368842619234,109.5353817811847,11995.999935749724,0.00022503520000000002,0.00011254490000000001,2.160677041986013,466.5600057396934,216.0000033251832,216.39456678872696,215.43434285297312,0.012280603810822738,-12.984965116120303,1007.3066953382651,0.0017849923225412567,0.00089084964284325,1295568.002797292,279842690.1125859,0.004997918613645511,216.0338437612,215.93563311088042,216.012547985378,216.0225936652097,215.99274332788036,216.39456678872696,216.1769485355715,216.17057638779428,216.10802270579146,216.0777794455629,5.8328472627281056e-05,5.499541704857928e-05,9.999166736105325e-05,4.999583368052662e-05,7.999333388884259e-05
121,0.01553640392689776,187.0,-0.2317216098,1.7070661034679804,109.50856304474357,11992.084184298423,0.0234867502,0.0117765167,1.8589785054999914,349.80414059237313,187.007567552661,200.8225275829878,137.45457610313753,1.6448178313169144,-4.523397548184759,139.73683399074358,1.7589094479762934,0.8831021882446919,1121672.1945496872,209777568.25691113,0.00499855746153313,186.45238352669998,185.38380853305065,188.2266790288926,186.2226123269496,185.8680646475032,200.8225275829878,195.7748459001268,195.75378368414056,195.40850279257546,195.26785158802844,0.0013948837596866926,0.00017831847346054495,0.0014298808432630613,0.0013815515373718857,8.832597283559702e-05
122,0.016994569250795743,204.0,-0.1024352163,1.862370279371402,109.48796726871129,11989.07621561678,0.0430245884,0.021140799300000002,2.039567718637994,416.400195508147,204.0131244878029,232.63794719476786,53.433198839057134,2.535473908429219,-38.71328222078494,2195.6576281880143,0.5287565069062339,0.2621973757165392,1223670.52378463,249683371.96571326,0.004998746691912087,203.9518255788001,204.04588452311575,204.13191384793177,204.25634614874443,203.87582224068342,232.63794719476786,228.4026061616246,218.30892778312693,216.53536424500535,211.6755698319472,0.006527789350887426,0.006226147821014915,0.0014998750104157986,0.0008999250062494792,0.006552787267727689
123,0.02182495570706603,262.0,-0.0238813069,2.3915334112927513,109.53389714144268,11995.783126860864,0.0103331776,0.0051719638,2.6185069655670077,686.4524101551224,262.000551682515,274.20380052915505,231.00435102937178,0.5749155619732447,-26.623307928947998,1483.3720188473126,0.13975151872745073,0.0698410580247355,1571479.3392435086,411730444.5990331,0.004998058398485035,261.92129344050005,262.0565597870522,261.9169270427837,262.00705499246897,262.0209927044249,274.20380052915505,267.1467924233999,267.0464013716535,266.5275604729932,264.5887792596601,0.004774602116490292,0.0003016415298725106,0.00012498958420131655,0.0008999250062494792,0.005974502124822931
124,0.03125985533367209,375.0,-0.0057172775,3.422980681928728,109.53537706405466,11995.999246886113,0.0003885892,0.00019363869999999999,3.7529960267790092,1406.2500980545387,375.0000306298052,375.6759470822964,374.3669284436835,0.049680421972092555,0.10618332364636224,31.59795164144702,0.03368869008426145,0.016874625782008934,2249250.1034663995,843468842.3949635,0.0049979212450851525,375.1495238594,375.1030542574786,375.05986233596497,375.07933067422783,375.0056020727794,375.6759470822964,375.5257008891329,375.512352747776,375.4424731673644,375.3923425941627,0.008710940754937089,0.002576451962336472,0.004516290309140905,0.0041963169735855345,0.0008999250062494792
125,0.007665599791059081,92.0,-0.023375323,0.8397963755346807,109.52556086919694,11994.565763725697,0.008898242800000001,0.0044512839,0.919954088582997,84.65011731887098,92.0015175411693,100.22558668503078,68.24758759146944,0.4705657160858149,-19.899312629483525,1116.6379272540282,0.19055189885759205,0.09526287027900082,551825.1920908056,50770091.71491633,0.004997935460752888,91.9948630925,91.95115001796201,92.26400167996083,92.06725449599561,91.82196657952741,100.22558668503078,98.2935389767055,97.94156269671248,97.17609870170217,96.14315662261504,0.0002533122239813349,0.00024164652945587867,0.00525789517540205,8.499291725689525e-05,0.008392633947171069
126,0.02302261469794198,276.0,-0.070361875,2.519356763173451,109.52975175199059,11995.177764877788,0.019219663999999997,0.009607011700000001,2.7658268361820046,761.8122032214351,276.0028324409663,290.3970499772207,265.0620862064844,1.0779113511535,0.1632937788133465,15.738686664164621,0.6935970274291776,0.34752693934075296,1655464.6960667921,456919834.3849225,0.0049978771252919,276.29439899000005,276.62179406660994,276.102672858477,276.45562317393063,276.3067343897054,290.3970499772207,285.5304343934712,283.5870776083524,282.0165977559339,281.97372807407106,4.999583368052662e-05,0.0005082909757520206,0.006601116573618865,0.006714440463294725,0.006784434630447462
127,0.015371314794467258,185.0,-0.0266531631,1.6886909264587886,109.5314849522082,11995.430864479238,0.0115677099,0.005775142800000001,1.8394687723810035,342.2662354381894,185.00074587933764,198.5224844986843,141.6843098553809,0.7313292998412398,-33.11373890321019,2102.0048528429775,0.11049192759176663,0.054766932513729216,1109634.541266,205286438.57417947,0.004998092111864959,184.47114884840002,185.42120841351033,184.57863116169906,184.81958819356552,184.72331491018878,198.5224844986843,198.2474051004037,192.64302591282942,189.81857329693682,189.56532967474496,0.00016165319556703608,0.000148320973252229,0.0003016415298725106,6.999416715273727e-05,0.00024331305724522955
128,0.010338688097825198,124.0,-0.0006938898,1.13186560271237,109.53537425102839,11995.998836082432,0.0002991109,0.00014942900000000002,1.2414876317240024,153.7600159887908,124.00000906617959,124.42973699866444,123.4906316006187,0.01660819176376813,0.63646523603695,368.9052953771019,0.00480810355887229,0.0024023218779944955,743752.0182805881,92225254.1855176,0.004997908924736777,124.07459586200005,124.01026594441362,123.4906316006187,123.90656603328299,124.35543052122085,124.42973699866444,124.37911631079953,124.35543052122085,124.29322020552983,124.2004473657404,1.833180568285976e-05,1.3332222314807099e-05,6.6661111574035495e-06,2.3331389050912425e-05,3.166402799766686e-05
129,0.014683835976668634,176.0,-0.0879930109,1.606536038121579,109.53185436358908,11995.484822357865,0.00949586,0.0047516851999999995,1.7644255315719997,309.77330109792257,176.0009058733004,187.1806518753043,162.95187827583572,0.6041364765183951,0.8728788778852621,94.4182652057559,0.43256835291953166,0.21698158823639346,1055653.3115013759,185798107.14905086,0.004997852148428137,176.22071555600004,176.364798609266,176.04721923240177,176.4675183635983,175.6393189547645,187.1806518753043,185.46227408584144,185.38177219044996,184.90546459114086,181.10066097150553,0.006476126989417548,0.0003966336138655112,0.0034763769685859512,0.0001466544454628781,0.0005266227814348804
130,0.004481148114207121,54.0,-0.0212762021,0.49295132685202103,109.5074282943807,11991.917893649237,0.0087383348,0.0043695376,0.535565104834007,29.169922341887183,54.00188064595641,69.85196649953373,40.54167697926319,0.5414713222574946,-0.921713354851028,291.59861365924536,0.1438892149567863,0.07175324118308168,323903.36092568864,17493153.8285326,0.00499766130741683,53.7782585186,53.70090045832229,53.815162921609534,53.70639343740743,53.777780017446496,69.85196649953373,63.07357958146429,58.79796139208164,58.390995297493724,58.365740144595236,0.0002999750020831597,0.00010332472293975502,0.0002533122239813349,0.0005999500041663194,0.006551120739938339
131,0.021373009190942278,256.0,-0.0355778998,2.336774989574806,109.53249689363028,11995.578643151634,0.0130057335,0.0064914287,2.570092651957989,655.3830152204501,256.001095231192,275.9469743447275,238.89043186455558,0.7661526437073514,-1.345442661299698,172.87009408802967,0.47723042536125604,0.23911459937255586,1535494.309310559,393091679.60240865,0.004998098360383823,256.4974833004999,256.4679587057449,256.1734993842825,255.78931897004804,256.16896392582413,275.9469743447275,264.37764803628033,263.8310063855401,263.18503832384016,262.64384012521606,0.005186234480459961,0.00011665694525456211,0.00013998833430547454,0.00023331389050912423,0.0015015415382051496
132,0.011658088878593532,140.0,-0.007455412299999999,1.2779165196485334,109.53444609976057,11995.863293615414,0.0049455222,0.0024735668000000002,1.3981712902050027,196.00223426427823,140.00035529493275,143.12966409677506,137.03172158572613,0.09788348919604373,4.693196379658398,473.1880808750258,0.01758138695748812,0.008829930663750929,839722.1758362061,117561466.70821,0.004997915744107096,139.90872463200003,139.9080904304819,140.05887822419743,140.03679933084373,140.0071588281854,143.12966409677506,142.56995617548324,141.91580844061136,141.7300713029764,140.99875424125517,0.0002999750020831597,0.006231147404382968,0.00505124572952254,0.004399633363886343,0.006599450045829514
133,0.030576784319173357,366.0,-0.1172065456,3.3408814375828984,109.53017253936072,11995.239215349455,0.0245126,0.0122640792,3.6788304115739963,1339.6449368252693,366.00318077269026,374.3517316731024,357.7880288176285,1.4313648904645446,0.065204252911744,1.865393987765537,1.7424390491623853,0.8709108093348732,2195286.741573706,803494097.1863445,0.004997515260635045,366.95198861439997,365.0658530732157,368.29641108969395,364.6790829419555,366.71354224501783,374.3517316731024,373.8357313643146,373.62890841454293,373.6232412046963,372.18717172205106,0.0067511040746604445,0.006312807266061161,0.0057161903174735434,0.0067127739355053746,0.005729522539788351
134,0.006687625237363588,80.0,-0.0144240549,0.7302452651441874,109.53107514278386,11995.371020951063,0.0052990832000000005,0.0026516469,0.8051714112560067,64.00335523489152,80.00053427908182,85.9987812553948,65.74930820505368,0.29316305610306426,-18.035134584218905,995.7786942896477,0.14391070385947557,0.07181729981823537,479842.657935516,38388140.469953,0.004998007240237267,80.25819047359998,80.21214153196995,80.2041171011373,80.21252668188141,80.21955619204877,85.9987812553948,84.52089433205033,83.81792634537317,81.92788294970087,81.81850883578736,3.9996666944421295e-05,0.004777935172068994,0.0017998500124989584,0.000148320973252229,0.002703108074327139
135,0.02101320346711096,252.0,-0.0396392194,2.300264853385319,109.53224871678748,11995.542400787754,0.0134090433,0.0067043751,2.5235306797560244,635.064220963297,252.00128320291316,276.23490926280385,234.60383118481218,0.7852845725947394,4.968061331542403,244.3550936842222,0.48495977273751123,0.24253519180973626,1511503.55958767,380904501.4357219,0.004998030749879344,252.1794548088,252.42184081063277,252.1172433216281,251.90282700128242,252.18790645162034,276.23490926280385,267.99159030986493,263.38380150272246,262.8576390540057,259.06637602751226,0.0002999750020831597,0.0001699858345137905,0.007694358803433047,0.0054812098991750685,9.33255562036497e-05
136,0.022196194226339554,267.0,-0.0952146644,2.43724432494687,109.5243839464608,11994.393893736182,0.025362284899999997,0.0126869198,2.6575819992160152,712.9854297123121,267.0037084289153,319.94592758516586,253.2753588671467,1.6009807658295596,6.158616229597345,204.96646014485526,1.7933939454875372,0.8980447563420171,1601488.846550298,427618998.05350757,0.00499813233340825,266.3765269103001,267.41212722275213,266.9968959582976,265.8447535470003,267.91770685136004,319.94592758516586,286.31601726647114,276.2484480767346,275.4619390909428,274.14300844290597,0.00655445379551704,0.0017998500124989584,0.00021164902924756268,0.003208065994500458,0.000148320973252229
137,0.026831641720856555,322.0,-0.0001003111,2.9391994538304083,109.53538277573932,11996.000080989515,4.10316e-05,2.05215e-05,3.220130820303009,1036.8400002019594,322.00000061072353,322.06214035230727,321.97239165968534,0.0021273095076618236,5.906012130066553,205.36691656907536,0.0016637439681517208,0.0008288221756629355,1931356.0010800501,621896632.7226782,0.004997916456963944,322.006532292,321.97239165968534,322.06214035230727,322.0060337909992,322.0105850220868,322.06214035230727,322.05006502720033,322.02544862492965,322.0230240459082,322.0221279386083,3.3330555787017748e-06,0.0002999750020831597,2.8330972418965085e-05,5.3328889259228396e-05,0.0002249812515623698
138,0.014724669693608859,177.0,-0.0924225077,1.6156647543639082,109.53179701270176,11995.476454065929,0.0091717337,0.0045866694999999996,1.764227725339004,313.3036712265786,177.00101711213637,187.98393469280037,169.48809225797146,0.5629856915558663,1.5929870898394438,59.29468888110184,0.4630452192355392,0.23168694904265408,1061652.292507889,187915470.90827477,0.004997907238937049,176.71076099299995,176.90518173316312,176.29549922352203,176.10361113164794,176.64618179746583,187.98393469280037,186.47322085557263,183.9725049559017,182.94589388868178,181.6918611787588,0.006476126989417548,0.0034763769685859512,0.0002933088909257562,0.007076076993583868,0.0001466544454628781
139,0.020714662546071214,250.0,-0.101931805,2.282021503845111,109.5305899459036,11995.300166262996,0.0156919373,0.0078604394,2.4719419571629895,625.0364589187539,250.00218426083276,257.81633646320154,228.28355267221096,0.8780795105007551,-3.2726194379361018,81.29733003658671,0.8986014626058818,0.45095670686757217,1499513.63349125,374886441.1014454,0.004998130259154692,248.5966652153999,251.6499169497209,250.58950186653985,249.9993173903844,250.66844591139517,257.81633646320154,256.2793951570329,255.2946455445587,255.19650088093354,255.04930485070776,0.008654278810099158,0.00010165819515040413,0.00016498625114573786,0.0072960586617781846,0.002101491542371469
140,0.0015223414525872819,18.0,-0.0253616534,0.16444479093317463,109.25198232385424,11954.63172384453,0.009334512,0.0046698607,0.1854917420039987,3.251197530414877,18.01058627643477,29.054357546416043,6.384905210261988,0.4230250906778722,2.2321026284060146,257.1008591902918,0.11877695181281211,0.05945633853983168,108027.41266193347,1946709.010935211,0.004998156381573297,18.269619772499997,18.0592424769137,18.00464840007153,18.02460389594135,18.050922491964553,29.054357546416043,27.15178292106639,24.668816677009232,24.183413749452072,23.569888083216384,0.0008699275060411632,0.0008782601449879177,0.0014548787601033246,0.0010365802849762519,0.004749604199650029
141,0.020572044135455304,246.0,-0.0843714954,2.245508850508246,109.53038293135167,11995.269936403742,0.0162433547,0.0081251366,2.477700182422003,605.1968242743718,246.00193305098782,261.30702485876435,224.17895592943432,0.9938140556008888,-3.780959734963291,95.49126256803778,0.9018249933895675,0.4516222455891352,1475519.2306326993,362986418.1007985,0.004997936960738139,246.88510166959998,245.6806458350893,246.83145121087423,246.77254906023197,245.75078524776436,261.30702485876435,255.3351240266766,255.2489401849847,252.77150843527818,250.90104419267448,0.0001983168069327556,0.0006599450045829514,0.006546121156570286,0.00010165819515040413,0.0014998750104157986
142,0.020498042192650605,244.0,-0.074830206,2.2272600320277163,109.52917265491325,11995.09319382083,0.0174281289,0.0087210875,2.4800419990410085,595.4050019102308,244.00257969259252,258.6673345410194,225.56846205825073,1.0650467852668244,-0.2738659014518044,40.30422126502833,0.9826640895785488,0.49067080394368645,1463526.4552439076,357110785.01758707,0.004997936173645565,245.9970043539999,244.1479498242057,244.88097600415665,244.6722897792695,245.4174882234933,258.6673345410194,258.6530082099543,253.00814059106884,252.88842797881375,252.14938065210666,0.0018015165402883093,0.0017331889009249229,0.0017865177901841512,0.0018415132072327305,0.001598200149987501
143,0.017910902907449407,215.0,-0.0004957262,1.9625090030812624,109.53538132132138,11995.999868593584,0.0002871541,0.0001426977,2.1489765701860057,462.2500082757914,214.99999638217577,215.1456258721421,214.66062914894366,0.008858359003347104,-7.344733469842575,425.59239766934576,0.0031493358435454866,0.001574698819695186,1289570.0045602615,277257552.43034285,0.0049979169704538265,214.94874579230006,215.1456258721421,215.00435383210566,215.0382919558484,214.99658869415,215.1456258721421,215.12465180137406,215.1218857216744,215.11664111600373,215.0973825928336,1.6665277893508874e-06,9.832513957170236e-05,5.499541704857928e-05,8.332638946754436e-05,5.999500041663194e-05
144,0.002148901111390728,26.0,-0.0208529439,0.23742807110833805,109.3952934869604,11975.546286680099,0.0096412255,0.004819706,0.25575767311600106,6.771537101891969,26.00678390367651,40.01155989306465,15.75591485560939,0.47168136580025666,7.211850125347961,303.2987167362052,0.17322757884258877,0.08656783292758874,155988.81402767694,4058105.26035273,0.004997499926921475,25.788962237800003,25.84623184856849,25.796827584662534,25.84581885695645,25.836558985072706,40.01155989306465,33.55052327259232,32.444665836374384,30.153357985413514,29.23075689115498,0.005349554203816349,4.166319473377218e-05,0.00475127072743938,0.004754603783018081,0.005649529205899508
145,0.03019286226879414,362.0,-0.1422048686,3.3043368473132873,109.53342280260325,11995.713859598152,0.012235623999999999,0.006102036700000001,3.6268821793650408,1310.471257331374,362.00120747411484,382.4457421829038,352.96006394868,0.8842083139260803,1.6879426508577293,53.96102729665397,0.8566244351086993,0.42649771995502306,2171283.0650306656,786011717.1957444,0.004998026337864374,362.34454008779994,362.684750942354,361.2278775008427,361.8851899211222,362.2786182364006,382.4457421829038,369.12409706705336,366.515016167799,366.39068735264476,366.3642062924231,8.165986167819348e-05,0.00856261978168486,0.008447629364219647,7.499375052078993e-05,9.33255562036497e-05
146,0.027493738961769917,330.0,-0.1743277013,3.012283768889556,109.52876178760197,11995.033193257716,0.0012885332000000002,0.0006421053999999999,3.2988495195859917,1089.0877466788606,330.00340193499915,350.77571944161963,310.5289403216071,1.4848194504989332,0.20588011254841942,33.55343167143828,0.5536115523981948,0.27407356318775555,1979360.4344644689,653208912.742945,0.004997784323383984,329.9523612802,329.9817430833922,329.8791892807837,329.86717393101816,329.82855489013014,350.77571944161963,345.45951922930124,341.758366070419,339.2936256296726,338.8588162944833,0.0003016415298725106,0.00021664861261561536,0.00022998083493042245,0.00026997750187484373,0.0023764686276143655
147,0.024581504270877616,295.0,-8.46386e-05,2.692744843753166,109.53538278044627,11996.000081676899,2.99657e-05,1.49943e-05,2.9500526781179928,870.2500001195942,295.0000002605839,295.0431601177035,294.97663620754656,0.001767866970079772,3.1710036843930425,99.9119072633952,0.0015894339318265338,0.0007942408702774628,1769409.9999077804,521975949.9643358,0.0049979164420869086,295.0026327548,295.026306187156,294.97663620754656,294.98539099532644,294.9867582935634,295.0431601177035,295.026306187156,295.0235994430485,295.02120920703896,295.01902236387895,3.333055578701775e-05,1.6665277893508874e-06,4.166319473377218e-05,4.8329305891175736e-05,9.999166736105324e-06
148,0.02187921961934026,266.0,-0.1118608607,2.4281192220910897,109.52424614542927,11994.373768200634,0.0254711069,0.012739604299999999,2.5912740318119987,707.6559193917702,266.00410326483365,291.4995641591135,229.90338275392045,1.552985845232377,-0.5883752266032333,70.86028190502395,1.7490372985898262,0.8764375155610082,1595494.0703189978,424422819.6812626,0.004997750464693497,262.5725146517001,265.7953591500962,266.05876446951504,265.36821386293076,263.98994265874984,291.4995641591135,289.3185101995096,279.6025196642094,276.69293680741765,274.38383677350885,0.006556120323306391,0.0017998500124989584,0.0002999750020831597,0.00018165152903924672,0.00012165652862261477
149,0.026167810815398602,314.0,-0.00039325,2.8661758408604046,109.53538260967372,11996.000056738127,0.0001242984,6.22292e-05,3.1407963621859945,985.9600021869556,314.00000332786306,314.2109563833858,313.86028861739385,0.007352697678721998,3.7027886336507216,237.23624847210527,0.003644671432709856,0.0018242687064002894,1883372.0015797461,591378809.3155987,0.004997916016974448,314.0398975956,313.96448600456716,314.05754626874767,314.00173744387524,314.2109563833858,314.2109563833858,314.1599059632987,314.1113682914317,314.0886202322975,314.08311177327585,6.6661111574035495e-06,9.999166736105324e-06,4.166319473377218e-05,5.999500041663194e-05,3.166402799766686e-05
150,0.0055845696872761225,67.0,-0.0029316173,0.6115726671119954,109.53531589692399,11995.990314360924,0.0004662306,0.00023320089999999999,0.6704112510150023,44.89003654398493,67.00000538435522,67.34219282813022,65.4614935781338,0.03258792000047135,-17.580733864234627,840.2305048261077,0.017657223578183334,0.008790513026156077,401866.0213625245,26925031.233142093,0.004997936374089461,67.02042081700002,66.95923732066697,66.97577113000837,66.98183216579834,66.96379411380988,67.34219282813022,67.33398956225824,67.26829251690032,67.23515948140606,67.19258837006447,0.004999583368052662,0.0017998500124989584,0.003598033497208566,0.004811265727856012,0.002556453628864261
151,0.023222305965411267,279.0,-0.159110859,2.5467419154644904,109.52970291799251,11995.17063888767,0.0190357697,0.009515313800000001,2.7837720820139973,778.4638067382059,279.0020635178404,297.71604933396924,248.9890281992234,1.2103351810324503,-2.3221889335020873,83.97163689680444,0.7661114360588499,0.3808921834894363,1673454.6259440668,466906151.2400956,0.004997819996396148,278.69089389090004,278.87861309948954,278.7860181646598,278.9470242287607,278.71756543537055,297.71604933396924,288.8963839462783,288.67834943254337,286.88182589184134,286.26417307277563,0.005552870594117157,0.006866094492125656,0.0005082909757520206,0.0067761019915007084,0.009667527706024498
152,0.027827898259919884,334.0,-0.008593343199999999,3.048736850394379,109.53516937109237,11995.968916448563,0.0055665542000000005,0.0027915242,3.3391942868580102,1115.562897050608,334.00002564907646,360.79333909320763,331.7626702315136,0.356318540104683,70.98164086583266,5327.712982730198,0.022961830211613687,0.011332683168689073,2003332.175974823,669113767.2009125,0.004997840145921782,333.9626070173,334.0333267254586,334.0374836924386,334.03798536532275,333.9925174205921,360.79333909320763,336.71079943076217,335.9556152448095,335.9024626200444,335.69886036278285,0.0002999750020831597,0.005699525039580035,0.0014998750104157986,0.006827764352970586,0.005099575035413716
153,0.010071086278718487,121.0,-0.00098437,1.1044819308511473,109.5353701247909,11995.998233507664,0.00041975879999999995,0.0002095369,1.2072572147420015,146.41002259815446,120.99998912599324,121.5881287047135,120.19654733658892,0.025363183068167504,-1.2912142488211393,389.02406148252953,0.0065177659065227544,0.0032339600861917006,725758.0048395757,87816723.02090584,0.004997904449214998,120.8631064309,120.57689911003021,120.19654733658892,121.03136686560279,120.36980524093408,121.5881287047135,121.58698572441536,121.4271677316749,121.38165707657154,121.35876076702793,1.3332222314807099e-05,1.6665277893508874e-05,8.332638946754437e-06,3.833013915507041e-05,2.999750020831597e-05
154,0.028111311360402985,337.0,-0.0001426152,3.076118411944626,109.53538272622949,11996.00007375935,9.49064e-05,4.71941e-05,3.3772775896360043,1135.6900011260382,337.0000304127293,337.36384763619986,336.630345087618,0.007526551910426177,0.8916700744764011,1928.4421493064456,0.0015879300735264223,0.0007935678596027174,2021326.0010867543,681186863.0061219,0.004997917133843696,337.36384763619986,337.1739006087527,336.630345087618,336.9298626711514,337.0166569438893,337.0571078606843,337.0428259516493,337.02536323866735,337.0179125948453,337.0136546348849,0.00019665027914340472,8.332638946754437e-06,0.00018998416798600117,1.1665694525456212e-05,0.002099825014582118
155,0.009996456037438492,120.0,-0.0010514491,1.0953539033696487,109.53536985945954,11995.998194760401,0.00039591360000000006,0.0001981494,1.199349663636001,144.00002266455024,119.9999995347441,120.79733357681836,119.25533348454199,0.0270954709117077,0.4388712091452752,350.2506125852758,0.00622536949907726,0.0031107032831130255,719760.0135214209,86371207.64886497,0.004997916450964389,119.96746890530001,120.79733357681836,120.6327030454097,119.65561496010511,119.25533348454199,120.79733357681836,120.37499903978913,120.32986692877456,120.28977066171291,120.25462485801143,1.6665277893508874e-06,1.4998750104157986e-05,8.332638946754437e-06,3.166402799766686e-05,1.833180568285976e-05
156,0.019827769824981245,238.0,-0.0591685995,2.1724862610580016,109.53017090684027,11995.238974690337,0.0158900041,0.007946615800000001,2.3790029681840035,566.4759282395611,238.0020535349505,264.83027697150794,220.51605318001293,0.9423686227763234,3.6198645803717935,197.2159995042607,0.23994112529581457,0.11995657049379815,1427536.917562325,339762187.58642197,0.004997918488300205,237.9530656696,238.110431043472,238.13149323595584,238.16717745070994,238.0063320418804,264.83027697150794,257.1292565640038,250.82193226786376,247.81259409952375,246.9846246506633,0.006496125322889759,0.0021764852928922588,0.00010332472293975502,0.0009015915340388301,0.000873260561619865
157,0.026084315143363013,313.0,-0.0002775958,2.85704789298968,109.53538269958892,11996.00006986889,8.845970000000001e-05,4.4108999999999994e-05,3.130758153740014,979.6900011010065,313.00000314976035,313.080627362394,312.91822663803964,0.0044219371157781856,-0.36594416236536303,93.41336237693265,0.0030768718069111856,0.0015386016966658644,1877373.9999984573,587618062.115619,0.004997916332855422,313.0378660355001,313.0417017916661,313.0294209608031,313.00117713529784,312.93267164484826,313.080627362394,313.064844142831,313.06455744736706,313.04262501932135,313.0417017916661,1.3332222314807099e-05,8.332638946754437e-06,3.166402799766686e-05,3.666361136571952e-05,1.6665277893508874e-06
158,0.011999453219181782,144.0,-0.0216730051,1.314443589474842,109.5306343956534,11995.306655758557,0.010616397400000002,0.005302226,1.4401511492220087,207.3719827684415,144.00123076454784,166.67125435697082,131.26447165272558,0.4980806136909222,13.852537770810672,829.1245329919202,0.12373435627779372,0.0618691026723468,863719.4020109887,124378148.04502559,0.004998130047935445,144.00543808339992,144.03211366047904,144.10274311756362,144.00371679597973,144.0361288405003,166.67125435697082,152.7415572712091,150.964491091991,149.15465436407175,148.55305562046905,0.004762936421964836,0.004739605032913923,0.0018015165402883093,0.0005999500041663194,0.005962836430297475
159,0.0078018016453212085,94.0,-0.0252498724,0.8580544822020005,109.5250301154669,11994.48825617774,0.0094357477,0.0047239842,0.9326419990899956,88.37113308889913,94.00111537610906,106.90653119650545,73.48346744038572,0.5861346789974536,-9.929064466482416,578.9352898176627,0.18180571452953131,0.09103784055174913,563818.9749149085,53001700.183021076,0.004998143634069922,93.62942154549997,93.68504129919332,94.37503037716245,94.51757976547364,93.4804968021202,106.90653119650545,104.93730524802179,103.22554784465517,102.86114416683063,101.65210734585787,0.0019031747354387133,0.0002549787517706858,0.0026447796016998582,0.008447629364219647,0.005254562119823348
160,0.000880938088617612,12.0,-2.1568727493,0.17588233693613128,24.027918418526937,1821.506056663823,0.0729871336,0.0364582231,0.09126400750700032,5.985104911730899,15.228067317377773,250.27715193392788,0.2652397791021423,11.808078374278175,7.0530362548548355,80.3733128372953,5.896597654821846,2.9208653858755653,91343.91580182727,2227489.7000805642,0.00479602244311118,10.572138001500004,11.360557641148517,9.57308179876569,12.301644384315168,4.64768470334317,250.27715193392788,182.06131136044638,173.57694476863207,173.52268131972076,172.75234708429758,0.0020498291809015914,0.007761019915007082,0.0019015082076493624,0.007612698941754853,0.000148320973252229
161,0.019608064274010552,235.0,-0.0542704239,2.145101173412373,109.53025228963145,11995.250857830122,0.015588435799999998,0.007797581999999999,2.356042994203005,552.2844736574408,235.00200076345857,252.5440915739684,217.94819567741285,0.9223530081973043,-0.9723558456641574,114.69288421815291,0.24532068729752154,0.12315855127334885,1409542.515191807,331250534.77386177,0.00499777198198473,235.31637935239996,235.34314505181305,235.38233538462768,235.34752707880693,235.42255529759007,252.5440915739684,246.9632496328603,246.0455760166282,245.39523445394434,245.0787215540139,0.0021764852928922588,0.0008699275060411632,0.0022698108490959087,0.00649779185067911,0.00010332472293975502
162,0.02125468176366964,255.0,-0.0408635824,2.3276480249007183,109.532391761931,11995.563290284621,0.0133634336,0.006683338699999999,2.5515188752649856,650.2736692897881,255.00096222818354,270.235448974696,234.36077090906718,0.8154530832079593,-4.974625569968833,188.70250949094847,0.4925615607125451,0.24645091636742222,1529496.0104640152,390027004.3034168,0.004997851533111357,255.07743584579993,255.59907953656702,255.21267144758608,255.40433783996247,255.32048241082623,270.235448974696,265.1947992271732,263.4486129748287,262.5128575431102,262.4614889609552,0.007694358803433047,0.00016331972335638695,0.002101491542371469,0.0018015165402883093,0.0014998750104157986
163,0.023326499607399378,282.0,-0.1813280582,2.5741344887097934,109.52881901146945,11995.04156103386,0.0206390281,0.010322152,2.7788940213360225,795.3035317648322,282.00307723868514,305.330034823313,267.5583848042306,1.303161784706925,0.710407735183401,25.17287830432062,1.5738305068267664,0.7860078203075886,1691455.377388944,477006066.4454604,0.004997890670581432,279.94132178840005,281.314369584297,281.83695807971594,280.9272174396482,282.4165392669192,305.330034823313,293.92082458405827,291.3865851699074,290.69848165267604,290.3147659604846,0.0002999750020831597,0.0060161653195567035,0.00021498208482626448,0.0004016331972335639,0.005507874343804683
164,0.01579487633653859,190.0,-0.3659223914,1.7344250327761292,109.51369280559989,11992.833155980135,0.021840475499999998,0.0108563097,1.8911627374259952,361.0952903932822,190.00572941146643,225.06014521549278,140.8795985020215,1.6342592936626237,-2.07223822967104,193.05442639857606,1.6169927811459388,0.8082610020883862,1139654.2181636794,216556824.86775222,0.004997892131531427,189.55431091480006,190.11034756988298,189.64425692728025,190.488255450283,192.36614689681528,225.06014521549278,220.28394544314298,198.56138317466593,198.49533506682312,197.78250259889361,0.0009299225064577952,0.005066244479626698,0.0013932172318973418,4.499625031247396e-05,0.0004649612532288976
165,0.01673759663968824,201.0,-0.0001674453,1.834717775688556,109.53538266630876,11996.000065008828,6.865810000000001e-05,3.3904999999999995e-05,2.0073579831200092,404.0100006457999,200.99998920922354,201.20603649306696,200.8678972729,0.0038031193794744625,22.306439634249745,1753.7289780750455,0.0014003891122342793,0.0007001173262324301,1205598.0021310134,242325198.934709,0.004997916907518268,200.8678972729,201.20603649306696,201.09824209544382,201.00114150984442,201.0331826886006,201.20603649306696,201.0331826886006,201.0153929157522,201.01538545480642,201.01509171730766,1.6665277893508874e-06,6.6661111574035495e-06,5.166236146987751e-05,5.499541704857928e-05,4.499625031247396e-05
166,0.027013754529739413,324.0,-0.0040257882,2.9574552702363253,109.53537607724105,11995.999102774664,0.0006871056,0.0003414151,3.2438380270140037,1049.7600858390317,324.00001545417706,325.6362809341898,322.69029371132564,0.03901952889396261,5.25717929173647,760.7041015595387,0.01676855980485925,0.00839300916004504,1943351.9901514812,629646050.7332503,0.004997914743873676,324.19206811139986,324.00206159256504,323.9627254524196,324.4343935783637,323.29307765466353,325.6362809341898,324.4932318709296,324.4343935783637,324.40412760394247,324.3490120532328,0.0002999750020831597,0.003299725022914757,4.999583368052662e-06,1.6665277893508874e-05,1.3332222314807099e-05
167,0.015184149491884123,182.0,-0.0271989144,1.6613066247657042,109.53139742756939,11995.418084345334,0.0113297729,0.005663075199999999,1.8244784733010064,331.25606573341776,182.00070573427485,222.296076103819,168.42224693484877,0.7348794258919321,28.440611604244918,1581.7241105359174,0.11466915275929068,0.05735820945000114,1091640.0642493684,198682471.104537,0.004997717872412338,182.2249780521,182.55444475649966,181.98350075002725,182.35407196375974,182.1344042953985,222.296076103819,197.34352806614262,193.5934904680172,190.38843777089758,189.7722045872767,0.0002999750020831597,0.0001466544454628781,0.00016165319556703608,0.0047312723939671696,0.00010832430630780768
168,0.009069014237996864,109.0,-0.0346032865,0.9950071379417522,109.51536312943973,11993.07654516134,0.015317133200000001,0.0076198534,1.0869588186660082,118.83894622635006,109.00140777570826,149.61901174762602,68.98721105625538,1.0649563251930543,2.428047900996238,778.0832112919015,0.12564907735227848,0.06206262055754053,653790.4808885974,71270890.48588935,0.004998375843957602,108.83723987019998,109.19769828502145,108.98663787500205,109.07391248288549,109.0342230116154,149.61901174762602,133.66845785454566,129.25652131531322,117.53681526356358,114.91377618921601,0.006547787684359637,0.007147737688525956,0.0005999500041663194,0.0072960586617781846,0.0001849845846179485
169,0.016554206421156754,199.0,-0.0001657009,1.8164620310240533,109.53538270069032,11996.000070029733,5.96024e-05,2.9827500000000002e-05,1.9833415089629947,396.0100006234957,198.9999721542954,199.08352350707204,198.66703126030006,0.005289786494405586,-43.86753109432495,2729.898373059517,0.001401043996224871,0.0006997846148806275,1193601.9990345452,237526797.72818226,0.004997918228164808,198.66703126030006,199.0763097494598,199.08352350707204,198.9826940741099,199.01632816325068,199.08352350707204,199.03531862541894,199.03136810669824,199.02952080136103,199.02477517318113,3.3330555787017748e-06,0.00024497958503458045,4.166319473377218e-05,0.00024164652945587867,1.9998333472210648e-05
170,0.01064845834758769,128.0,-0.0787308663,1.1685034163902592,109.49999106744878,11990.832328103106,0.0225039832,0.010468000600000001,1.2756561952500087,163.91057649131363,128.00614269318453,179.65684516840489,75.68068814593319,1.407841050309252,-1.4063027245843012,672.7298614255599,0.3766235999610501,0.1881702236505305,767781.1898181681,98292642.8034544,0.004997501851565712,127.79214862940002,128.1795323603614,128.00461027595017,128.07509796679665,128.00877928446602,179.65684516840489,150.39170166719575,141.9151140609443,141.32241467851125,141.1558206820093,0.004587951004082993,0.0008399300058328472,0.008334305474543788,0.006302808099325056,0.003746354470460795
171,0.021899610654095354,263.0,-0.024949539500000003,2.4006610868729443,109.53395100803515,11995.790993301165,0.010077470000000002,0.0050288687,2.6264625222949927,691.702050946652,263.0006885632612,279.95875225451374,239.39885504667635,0.4930740786662036,-13.878026731322372,1157.9480160145563,0.14573108730587592,0.07301777712694957,1577478.2271859092,414879343.9750377,0.004998017493235496,262.8172274598001,262.81563876279216,262.9208651862086,262.9803662475704,262.9975200766799,279.95875225451374,266.8348260982175,265.90600852336286,265.5400570832649,265.48415105647507,0.004771269060911591,0.002099825014582118,0.000148320973252229,0.00552120656611949,0.0004349637530205816
172,0.011245649948687502,135.0,-0.0497908145,1.2323717042954125,109.50908711294525,11992.160146128861,0.0235049175,0.0117597385,1.3492704516060063,182.30833225348871,135.00677659208696,194.93973437728272,124.33325926797353,1.0441400346449266,31.82641410798216,1825.0902432885566,0.3783912435769139,0.18907011877263358,809770.5253092073,109331032.34460288,0.0049977407176967446,134.95904503420002,135.06131649289958,134.54403942538724,134.68129720976026,134.83173486174536,194.93973437728272,149.75315835437326,144.39573013873664,144.3053303145367,141.63798241317883,0.0002099825014582118,0.004381301558203483,0.0006166152820598283,0.003753020581618198,0.005009582534788767
173,0.025788452387000955,310.0,-0.0231810436,2.8296709672205473,109.53462759154614,11995.88979775359,0.0082046636,0.0041020951,3.0897542437689958,961.0088325285209,310.00047793967315,315.7560971798905,302.6269202251445,0.41950318168540995,-1.1313660560859722,79.94377754001916,0.14944577080063937,0.07469858150972186,1859383.3740154067,576410947.3555188,0.004997962815500068,309.4872170964001,310.4933099856138,310.22725055749015,310.1112268621527,310.114667078533,315.7560971798905,315.74060779363737,315.45828082247436,315.32612839725675,315.02272254878335,0.003464711274060495,0.0012348970919090075,0.00012498958420131655,0.003134738771769019,0.00037663528039330054
174,0.008482951517965246,102.0,-0.0405585766,0.931072573776147,109.5277355519889,11994.883340115648,0.0083936537,0.004197913,1.0160994047690013,104.0496828613469,102.00141582007672,110.37740820171396,86.9459473122046,0.44071007064906115,-5.364561849782369,318.05143422668533,0.24114482082268296,0.12029093456349926,611804.5246997104,62406096.180572696,0.0049980351565127685,101.8039011671,101.92343920933997,101.917299369738,102.08153565465572,101.70745670739343,110.37740820171396,109.8639818075883,108.86060097236094,107.62041883739302,106.64759603885763,0.005504541288225981,0.0002983084742938088,0.005509540871594033,0.005946171152403966,0.005346221148237647
175,0.009909142065577898,119.0,-0.0320315212,1.086247838361826,109.5287596579857,11995.032885971303,0.0091226059,0.0045582659,1.188411661712007,141.6214143997106,119.00119005155963,127.94664890520238,104.92490689032911,0.5393849962008795,-1.9240267191432074,156.69254158047562,0.16666949627422412,0.08349734797326391,713769.3265358324,84941167.00355215,0.00499784396960433,118.91961392899998,118.51365133413539,118.9565943750167,118.83423069378402,118.92608565538842,127.94664890520238,127.20746315196902,126.7122746775912,126.63472175354633,126.2190926553144,0.00040829930839096743,0.0011965669527539372,0.0021948170985751185,0.0003816348637613532,0.0003583034747104408
176,0.02791791192883085,335.0,-0.0074143643,3.0578647106453856,109.53517294582748,11995.969438485125,0.0056121121,0.0028062586,3.3507927829579685,1122.2528655247695,335.00002322833564,362.2704052620269,332.9735442432416,0.3623223489306586,71.21118853567131,5348.273893540532,0.014680961438500617,0.0073495125245699455,2009330.1226252802,673126419.6916077,0.004997834109900181,335.0428610578999,334.93260456905045,335.0002890964201,334.98451503865647,335.0100045921958,362.2704052620269,338.2801191614185,337.3462949586976,336.8727122745417,336.2017124503083,0.0002999750020831597,0.006827764352970586,0.0008999250062494792,0.0014998750104157986,0.0026997750187484374
177,0.02554109222520606,307.0,-0.0225474797,2.80228686555318,109.53464740581698,11995.892691371693,0.0079648061,0.0039760933000000005,3.060408182236992,942.4984349749437,307.0002534419568,323.6266650338769,302.3817188241058,0.4426994151148013,9.126931631207615,359.5735739964822,0.15664287268140242,0.07822885736652552,1841387.7467086082,565307750.063858,0.004997885472788998,306.5186477947001,306.71039565797355,307.33123853577206,307.1986344187602,307.03048403904467,323.6266650338769,312.7292303993304,312.6343720780122,311.4201086091519,311.17072234449154,0.005266227814348804,0.00012665611199066745,0.0012332305641196567,0.000251645696191984,0.005866177818515124
178,0.0017667953098908454,21.0,-0.022722993,0.1918096035151897,109.32503773813416,11965.292443936874,0.00928703,0.0046445094999999995,0.2141529390339992,4.421306064640743,21.00904215785092,31.956793701124365,11.278625760137398,0.43103767679596067,3.1500682019729926,191.03652534093115,0.10464594932798121,0.052379560140281,126012.16750858224,2648508.078978226,0.004997210987666843,21.203310514,21.014387587855285,21.08976056283964,21.079969179649567,21.105350894104337,31.956793701124365,29.19619723245099,27.948463700096465,27.3098863574609,25.91749085133612,0.004744604616281976,0.0008649279226731106,0.0001466544454628781,0.0010365802849762519,0.0008899258395133738
179,0.02516765345618713,302.0,-0.007967578199999999,2.756640598626614,109.535366015664,11995.997633432802,0.0010988690000000001,0.0005495598999999999,3.0207291962359824,912.0401861904112,302.00000162215605,302.60691095382583,301.3251225078561,0.06843408797488554,-0.12608287434103324,9.529232461771088,0.06846904622653938,0.034210517325050205,1811396.0000816677,547041620.1431488,0.004997911571331963,302.03700912769995,302.17454756391624,301.9332790217535,301.8788377383221,301.88450907968104,302.60691095382583,302.60078252509265,302.50168226955554,302.44229241418276,302.40122094866314,0.000133322223148071,7.666027831014082e-05,9.33255562036497e-05,0.0015932005666194483,0.001524872927256062
180,0.0010895961706107948,13.0,-1.9056744576,0.17264727765512924,33.96568283060606,2686.0691629326006,0.0705045238,0.035113101800000004,0.13180187681399977,5.464573220645709,15.50561340229556,236.1922488747458,0.7245851026268431,10.833671062972305,8.041070734262595,102.8298305221175,5.842653308312812,2.8758568560585616,93006.05086584127,2146249.1649359777,0.004877032675017877,13.0762436435,12.253587285637332,18.236089135982358,17.04955777190299,13.83183052931777,236.1922488747458,190.09462802581126,186.67475307514167,181.35438492949186,168.16939930844015,0.0020481626531122406,0.006527789350887426,0.007471044079660028,0.007619365052912257,0.007322723106407799
181,0.01885195180909922,232.0,-1.3685715199,2.12041234328058,109.11357140247135,11934.463212200924,0.11566329489999999,0.057812585,2.204571776960979,541.0108589767406,232.14753512091505,323.1387941351085,163.78887727435693,8.302827387228021,0.3403767862493777,8.069430904889014,8.868477788717371,4.43235715937999,1392421.486701563,323660872.49300706,0.004997502483289016,226.242273661,241.01010437104543,203.3438397454926,224.48738787103576,241.47679049967454,323.1387941351085,290.2037668327521,288.75960970592143,278.8391087292933,277.17518265857785,0.0017998500124989584,0.0034847096075327055,0.0034530455795350385,0.007084409632530622,0.003311390717440213
182,0.0061454932599867285,74.0,-0.0320237167,0.6755259923297101,109.50735877473952,11991.907770622905,0.0124600167,0.006224106900000001,0.7351062543679977,54.77867905676707,74.00239275039674,113.57291511604352,54.59209469097008,0.7620972415114156,27.624194449601283,1523.7470469621915,0.17630332337220977,0.08813581305815887,443866.46635890624,32850673.196894214,0.004998030731043395,73.75206461310003,74.32536801236746,73.84851239814479,73.73797770057593,73.90353822541795,113.57291511604352,100.24926348767386,83.48375662690496,81.14320599899632,80.02349319315078,0.006561119906674444,0.0002999750020831597,8.165986167819348e-05,0.000236646946087826,0.002099825014582118
183,0.006598524478810115,79.0,-0.013918066399999998,0.7211178187017858,109.5308157723904,11995.333144042077,0.0054107325,0.002707721,0.7937891203819993,62.41346883015125,79.00078971009412,86.4475566184581,66.54827449794956,0.3038993465894594,-9.785665975311144,571.8937461997328,0.1424104164034219,0.07136952907221428,473846.42914844357,37434771.73639138,0.004998093134765522,79.18889227019999,79.22455548610849,79.19440539780982,79.2648606010298,79.19882619419091,86.4475566184581,83.40270040955966,83.23139106471767,81.42878885302197,81.0773444254557,0.004776268644279643,0.0017998500124989584,3.9996666944421295e-05,0.0027047746021164904,0.0029564202983084742
184,0.01608488339541699,193.0,-0.0408432819,1.7617290774299679,109.52885004801703,11995.046082843784,0.015499683099999998,0.0077609550999999995,1.9308065002580008,372.5196134658753,193.00203100115334,208.94278837753583,146.88209456658095,0.8992377539912407,-21.29517894005818,1175.6663651117055,0.3186307250593359,0.16011144577510095,1157625.818337381,223428914.62235403,0.004998185056522912,193.0346856284001,193.0456152928178,193.01972842864686,192.90332798865555,193.02121341851176,208.94278837753583,203.14366973047336,201.0176428795174,198.42247985807964,198.15448042429978,0.00475127072743938,0.001849845846179485,0.0017998500124989584,0.00414965419548371,0.009204232980584951
185,0.02797771867581047,336.0,-0.0002384186,3.066990922493553,109.5353826926113,11996.000068849913,0.0001168577,5.26594e-05,3.355212327631989,1128.9600014574735,335.9999802508035,336.29517684805546,335.76060182839984,0.005615021022443797,8.953815189848333,1868.3311758076036,0.001595671102847973,0.000796822894642446,2015328.0016052516,677150209.2392147,0.004997917287154325,335.76060182839984,336.29517684805546,336.0114055753197,335.8833404218883,335.9026482656351,336.29517684805546,336.04114923936345,336.0244995852712,336.0177795279304,336.01746291367687,1.6665277893508874e-06,0.0001999833347221065,0.0008999250062494792,8.332638946754437e-06,0.0002916423631364053
186,0.007744172715265419,93.0,-0.0257738605,0.8489245155313895,109.52560917972198,11994.572820355117,0.0089528714,0.0044800548,0.928758506092005,86.50028792313296,93.0012598808309,109.67368122265356,69.21775292422684,0.5369652100091155,-10.06506200854924,822.7734724939621,0.1920688476119068,0.09573073296206758,557821.6142666519,51879847.96140998,0.0049979559174940765,92.93781675589997,93.00296538498348,93.18593780862106,92.43071283939837,93.18754187507113,109.67368122265356,98.29127581986785,98.16554074623286,97.81430327344836,97.80160307349932,0.0002533122239813349,0.006456128655945337,0.00024164652945587867,0.005254562119823348,8.499291725689525e-05
187,0.027743643367685825,333.0,-0.007601603399999999,3.0396089191332543,109.53516776870525,11995.96868244512,0.0055986813,0.0027975236000000003,3.3289831090029636,1108.8929014738467,333.0000316130923,359.57056053887476,331.9472032640419,0.35265983467527295,71.51461826855765,5370.404145755789,0.01745261373196172,0.008729411632032225,1997334.2201053635,665113114.6783085,0.004997839162052606,332.9514640555998,332.9674539445121,332.9899536564933,332.9417890661149,332.9724949228473,359.57056053887476,336.41527905043137,334.98466220528104,334.4974624126689,334.4385826174007,0.0002999750020831597,0.006829430880759936,0.0014998750104157986,0.005699525039580035,0.0050495792017331885
188,0.016289893777543557,196.0,-0.0414222553,1.7891118518711508,109.5292222592493,11995.10043728903,0.01521372,0.0076149152,1.9498906565889964,384.18880271710475,196.0020576355851,217.04587862611652,161.21857719619226,0.8346587776126012,-9.358910320685004,593.8431775370896,0.32711200246342287,0.16390347519029547,1175620.7489791967,230428344.68608078,0.0049980676530783025,195.49501522429995,196.15620781571351,196.0983545235951,196.11341673747648,196.0440602880819,217.04587862611652,209.5959709520122,204.01841681622616,201.55644128771712,200.14394008748337,0.004747937671860678,0.0017998500124989584,0.005349554203816349,0.0008065994500458295,0.004742938088492625
189,0.0003088891901341545,4.0,-2.0266976357,0.3154707413266524,-3.7346949940086454,17.756304124912884,0.055088460500000005,0.021412454600000005,0.03326339282799977,23.727165837658813,10.35657105034126,947.5946946143297,0.05806213600005103,32.97567524145301,17.0211700811728,356.6036528699456,5.126618528206411,2.2885843089235447,62123.891659072244,7166698.699038934,0.00413221540174141,3.706979170800002,2.3467897805127667,3.146268004809234,2.583452391289251,4.295632522338112,947.5946946143297,815.7686497831875,774.7020895368727,695.333747391844,675.9553331839481,0.0009015915340388301,0.0004499625031247396,0.0018031830680776601,0.0013515540371635696,0.0022531455712024
190,0.0033432404642029854,40.0,-0.0381556116,0.36530563458821325,109.3665246220006,11971.347150452577,0.016367055399999997,0.0081839628,0.40228366910199914,16.032918739056015,40.01210743873643,81.14053738358179,21.288152294347775,0.8247731494647454,20.324676575019062,1109.8326062291853,0.14012200171302425,0.07011699556814932,239992.60459336772,9606690.061428847,0.004997585113633177,40.122228810900005,39.9870920333247,40.326029882937185,40.307207226968885,40.28548845956386,81.14053738358179,52.19717725105599,51.23988567639719,50.86330447176242,49.85407494637789,0.00015332055662028163,0.00704274643779685,0.005244562953087242,0.0003416381968169319,0.0064427964336305306
191,0.02336991152828122,280.0,-0.0843495876,2.555866612334227,109.53006589796094,11995.223642395917,0.0186726581,0.009345398,2.8091778738249844,784.0507298138118,280.00251423932474,295.0262394003064,264.06070157224497,1.1071783557813903,-0.030814919257291337,20.573003243565335,0.7557910810396606,0.37654640818476537,1679454.5660547593,470258710.59608436,0.004997977599935621,280.4623082509,280.04654614476846,280.3871608046331,280.47812296264317,280.43700680968936,295.0262394003064,289.5593917811958,289.03547205471614,288.00779667702955,287.23516437459875,4.999583368052662e-05,0.0010149154237146904,0.0001716523623031414,0.0065944504624614615,0.006519456711940671
192,0.011383138469869226,136.0,-0.0502470136,1.241498356972618,109.50949255288327,11992.219350644516,0.0232291716,0.0115902664,1.3722253640860076,185.01828784689593,136.0015212180805,176.4654112059838,40.82257906876927,1.5910322827716972,-33.23876768747448,2216.3946360399577,0.388679413271916,0.19484150257412125,815736.8445603093,110956599.31869853,0.00499810884075536,136.60904477689996,136.59967235148574,136.31752285894754,136.7143793133234,136.39733465834058,176.4654112059838,150.0983706108134,149.2103439793101,146.61417260020679,146.00243018292048,0.0002083159736688609,0.004171319056745271,0.0008382634780434964,0.0006166152820598283,0.004379635030414132
193,0.011831427224406301,142.0,-0.0082209976,1.2961723577285895,109.53445882256952,11995.865151637294,0.004884328,0.0024427489,1.419776215867993,201.6422673207701,142.00023804426255,155.9573213760363,139.74967222644676,0.21449333614247365,47.287200202470636,3019.2068623295745,0.019779597521221604,0.009965107856572786,851717.4339856836,120944355.25055282,0.004997827425989872,141.98895812009997,142.10793162308497,141.97051462913976,141.98765734673887,141.90858451193313,155.9573213760363,146.0727546617427,144.48107203933316,144.2298797616091,143.7259295364804,0.0002999750020831597,0.006231147404382968,0.006831097408549288,0.006597783518040163,0.008797600199983335
194,0.009518959317231892,114.0,-0.025266753500000003,1.0406081575416108,109.52837325935225,11994.97645725664,0.009013274200000001,0.0045047616000000006,1.1446338527019937,129.97108553000515,114.00124424786664,131.03873414920963,103.81267247563422,0.5313148384702929,5.1824983712805475,259.6520757434091,0.1588647369197247,0.07902021159110006,683779.3597235675,77953379.48822719,0.004997623938660249,114.2370307661,114.29421495526282,113.70290463679986,114.14028925375801,114.10458141809809,131.03873414920963,124.60373688022767,120.37542880980695,120.34408118467007,119.27252267736792,0.0003566369469210899,0.00037830180818265144,0.0061678193483876344,0.000251645696191984,0.003464711274060495
195,0.025022515605307934,300.0,-0.0141564871,2.738384694400819,109.53534316764299,11995.994296826617,0.0017808195,0.0008900039,3.0059047071910285,900.0004341329931,300.0000262597413,304.28123451437847,297.40019076223166,0.10816380573662183,7.831415199936631,484.7337767401421,0.07606726148645748,0.03806964133565316,1799400.0099575953,539820076.1157408,0.004997905237932162,300.29520977929997,300.27522273460164,299.9315398840434,299.9265568083465,299.9545259204187,304.28123451437847,301.2844751116727,300.91547848151976,300.7765636191735,300.7079470761829,0.00010332472293975502,9.999166736105325e-05,9.499208399300058e-05,0.00018331805682859762,8.999250062494792e-05
196,0.015948546187325975,191.0,-0.1985412687,1.7435735903007092,109.50980169486186,11992.264911696895,0.024317694799999998,0.012038313299999999,1.9180694083680152,364.923578098024,191.00682810305344,203.9609267510155,141.6145609229369,1.736211669850553,-5.005888488716663,130.89809797621498,1.7830033669042393,0.891436333659982,1145658.1775449088,218846468.9093526,0.004997873209687371,191.39850279410004,192.38151181412243,190.43554095541654,191.05595592405905,190.23563762026413,203.9609267510155,202.6613826925958,201.27518851881467,201.05730133417597,199.45306431119317,0.0004649612532288976,0.006194483793017248,0.005064577951837347,0.0009532538955087076,0.003671360719940005
197,0.00841910439565034,101.0,-0.0323536359,0.9219744845064427,109.51695348634394,11993.308836391403,0.0139300004,0.0069765592,1.010714463187009,102.03288154067144,101.00164188573262,141.64651268224185,86.35879877417587,0.904684943547511,28.77072349774666,1260.529035615605,0.129106329034542,0.06473795544020788,605807.8105029633,61192489.64686178,0.00499759103485761,101.03767185220002,100.85305028291016,100.96119758949973,101.05545512102336,101.04121281062368,141.64651268224185,139.2296953598673,119.34629905947996,112.34172987199146,110.23935121313092,0.006551120739938339,0.0002099825014582118,0.0002999750020831597,0.0017998500124989584,0.006529455878676777
198,0.008748065272577297,105.0,-0.0407764129,0.9584549217650203,109.52842031875184,11994.98333000736,0.0083861654,0.0041867082,1.049668679000994,110.25934183973692,105.00121541494956,117.74063131140106,93.1147654651355,0.4701891194609387,1.588938107922576,256.82362606606955,0.21177235218834767,0.10575016482310673,629797.2596641855,66130800.78098897,0.004997859231546344,104.98553133620001,104.98052027978761,105.04883443471674,105.08047583013726,105.36831216272378,117.74063131140106,115.47574543167951,113.81983533275086,109.82348242883056,109.01926117113587,0.0023998000166652778,0.005504541288225981,0.000148320973252229,0.006546121156570286,0.0068444296308640944
199,0.019881589884459695,229.0,-0.1877222467,2.090393555257457,109.51956350568571,11993.689971819438,0.0212978162,0.010637892999999999,2.4820977126309933,524.5111198402187,229.00620478619444,259.1908880088211,200.67256859406268,1.6337688676555093,0.8074016407867773,51.97858147960129,1.1360172048013624,0.5688324127887086,1373574.1302425982,314571800.1756745,0.004998197432810279,238.59896020339997,226.81735207041726,227.8516989539055,228.85312711501427,228.72915438795607,259.1908880088211,241.8058784367676,239.9149198204764,239.1972915910896,238.8337083035326,0.005086242813098908,0.005102908090992417,0.005097908507624364,0.006882759770019165,0.005111240729939172
200,0.002619026078693444,31.0,-0.9189150333,0.2865075621119338,105.48540955720237,11413.721942661756,0.0203263019,0.0100800544,0.3183486235690041,10.094060764775387,31.214812426231358,87.8596923959791,6.916836160173904,3.288857328457252,5.113598799531027,65.26852794348893,2.0286953230647775,1.0118230625359281,187226.45969540285,5909127.90649402,0.004981135721536723,31.430931970399996,31.404087598731397,31.381705316028466,31.619739232428415,32.709226946119294,87.8596923959791,85.53340549248097,74.47423123451729,72.85893608573927,72.29417856366646,0.0009299225064577952,0.0006882759770019165,0.000148320973252229,0.0005399550037496875,0.00038996750270810763
201,0.029866070900908318,357.0,-0.0067269802000000005,3.258676594481491,109.53538117755328,11995.99984759843,0.0002766529,0.00013686369999999998,3.5984541433010113,1274.4900284096286,357.00010550192843,358.4227168818,356.65710463974204,0.030473600200279324,16.850921174753797,796.4345403261683,0.02756503651710318,0.013767379214357334,2141285.904755256,764439038.5536072,0.004997914832395025,358.4227168818,356.65710463974204,356.7244734722584,356.87595210687437,356.9479370577436,357.2929872500519,357.2296604618639,357.2109143998502,357.143786849007,357.1144640663388,6.499458378468461e-05,5.8328472627281056e-05,6.832763936338638e-05,7.666027831014082e-05,0.0017098575118740104
202,0.02567584087874326,308.0,-0.0198985338,2.811414293102602,109.53465583269642,11995.893921968076,0.0078825276,0.0039491397,3.082571146370982,948.6483904166281,308.00046797732034,317.0004069368569,299.7072579046741,0.44715464868543864,0.3074651488661822,90.28740499621178,0.16901159461451698,0.08451212265026697,1847386.7106202617,568997141.216241,0.004997797717873012,308.1357663858,308.23163812139177,307.95044369257135,308.02986186399477,308.1296584352556,317.0004069368569,314.11166449652706,312.71091844495635,312.58235508050836,312.30090245691673,0.004662944754603783,0.005261228230980752,0.003464711274060495,0.0012832263978001834,0.0012548954253812181
203,0.010960289976418661,132.0,-0.0496073216,1.2049917609683412,109.50751348552608,11991.930362878065,0.0232106251,0.0116109305,1.3105777559789902,174.29910654226546,132.0075180897529,185.27415632407744,117.88144597576841,0.9770805982581341,27.112469165992184,1501.828144940298,0.37554320021260423,0.18753500460209693,791781.456112207,104526879.77868924,0.004997670364786118,131.53444000699992,132.11557653006022,131.62109735021568,131.96699475478349,131.98845892165176,185.27415632407744,147.18188096958662,142.88459160179482,139.99131257269636,139.37496985836958,0.0002099825014582118,0.004381301558203483,0.0047996000333305555,0.005009582534788767,0.003771352387301058
204,0.005664710400266633,68.0,-0.0037638268,0.6207006763888429,109.53530016604334,11995.988017139423,0.0004887958,0.0002444897,0.6796467095659993,46.24004649475601,67.99999818590564,68.33066560506856,66.32294053167077,0.036941814135197606,-16.003260483193372,718.9060859009114,0.02173385943132189,0.01086466308517231,407863.9890951714,27734758.70344642,0.004997933455021333,67.98218951360002,67.893978424687,67.81597717030489,68.13844157670704,68.08193482379357,68.33066560506856,68.28491514078569,68.19935975002814,68.17745363560013,68.16953789529964,9.999166736105325e-05,0.004999583368052662,8.665944504624614e-05,0.0008999250062494792,0.0006032830597450212
205,0.005411436238355161,65.0,-0.0218196679,0.593353408329058,109.51505370477108,11993.031411132526,0.009118226399999999,0.0045721346,0.6489684930869976,42.260452811728044,65.00264295485329,80.03168267614635,59.886882622846755,0.42164551204620054,11.415403356516961,375.1109938686343,0.1102489223816292,0.054989808632527115,389885.8795119778,25344680.908622567,0.004997929739808911,64.94264629649999,64.87325260679255,64.9579918164331,64.90099660574829,64.82199236808306,80.03168267614635,75.3420028308424,72.321194199032,71.20780120139632,70.98687795270052,0.005477876843596367,0.0054862094825431215,0.005181234897091909,0.007479376718606783,0.0017998500124989584
206,0.02665337877741828,320.0,-0.0001545575,2.920943662581561,109.53538277293089,11996.000080579386,4.29417e-05,2.1169800000000002e-05,3.197344041371019,1024.0000002637914,319.9999889110254,320.0690720651431,319.86719870779996,0.002574269393290739,-20.3610226724906,1279.2910584103588,0.0017398478973404963,0.0008661335508577395,1919359.9998548564,614195199.9380454,0.004997917402816342,319.86719870779996,320.0690720651431,319.9594908484245,319.9899025273172,320.0250797922014,320.0690720651431,320.0250797922014,320.0155121604714,320.012340305578,320.0090903026349,1.6665277893508874e-06,6.6661111574035495e-06,0.00022998083493042245,5.166236146987751e-05,0.0020981584867927673
207,0.005967791712723959,72.0,-0.0286826883,0.6572696899496459,109.50683342275802,11991.831056441652,0.012309982399999999,0.0061281294000000005,0.7123397663429945,51.858014902639695,72.00260277994421,93.89049904016305,32.942843894586616,0.7219586937694034,-17.591102019538383,1693.032985358153,0.18633104717466153,0.09314447346942245,431871.75731326797,31099027.84183358,0.004997829129622003,71.61946834439998,71.84725471001404,72.13589304230788,72.0316112713409,71.94431774648189,93.89049904016305,93.22685507523032,75.89966866921172,75.89076774098514,75.75520480491774,0.0017998500124989584,0.0002999750020831597,0.008685942838096825,0.0020731605699525037,0.0005999500041663194
208,0.009700471665386212,117.0,-0.02605002,1.0679926392545147,109.5285496414007,11995.002217489638,0.0090757771,0.004539497500000001,1.1583195022210029,136.90138442898854,117.00108789867173,132.28809844694837,102.29883587432015,0.575780118529407,4.529895366307957,227.60798701805862,0.16060007649537056,0.08038188323621398,701773.3620092792,82110332.76078089,0.004997818167311165,116.41536045629996,117.06789275336962,117.32788594688122,117.20009057983611,117.06541756071496,132.28809844694837,126.5499846187735,126.36736500897673,126.32861258842112,125.63436931859545,0.005267894342138155,0.0003566369469210899,0.0003816348637613532,0.0034663778018498457,0.00037830180818265144
209,0.0034797157846679573,42.0,-0.0407455079,0.38352585523151794,109.40532277783686,11977.010699617305,0.0143642887,0.0071954176,0.41532757366900036,17.667946104105607,42.00851649785271,55.38729297319072,26.534856351121928,0.8227983487628707,-1.0444134325410603,88.04561223407937,0.30794809919807875,0.15467506949923404,251967.30152146905,10588843.023278005,0.004998696376709638,41.760069131799995,41.62044624440554,41.67842487709921,41.80396603756521,41.73829760966211,55.38729297319072,53.263623561172764,52.59536999459025,51.06970304280828,50.68627586427684,0.006511124072993917,0.0002483126406132822,0.00021664861261561536,0.00012332305641196567,0.00019498375135405382
210,0.002314429293592196,28.0,-0.0204123389,0.2556768315064347,109.41446874708058,11978.345426189233,0.0096807382,0.0048432232,0.2755744395809976,7.8515467964166215,28.00666415881249,42.257285882891296,20.222620964779544,0.45282093952346425,7.181357969559568,265.70345861841514,0.1739481926208093,0.0871755484691974,167984.10024995505,4705907.930796246,0.004997761661018066,27.77546595239999,27.854603873725914,27.8939565328763,27.840593943471827,27.8488039059946,42.257285882891296,36.374122814378325,35.98802867995569,35.56134415174014,32.56276366904929,0.005347887676026997,0.004747937671860678,0.005351220731605699,4.166319473377218e-05,0.000148320973252229
211,0.004353172394517118,52.0,-0.0260239281,0.47470767724733237,109.4976315068507,11990.487404394278,0.0099247163,0.0049620053999999995,0.524901410130005,27.052425993364743,52.003304087185576,69.21715706656562,35.598222874768595,0.5140174229672916,1.2526838645091574,430.607183969084,0.08192872846551325,0.0410354504494137,311915.80024966225,16222236.261227734,0.0049977700222123955,52.2424219066,52.30055218070142,52.22291762653932,52.212894895200904,52.22588678701846,69.21715706656562,59.18947082320622,58.805375253557216,58.31220097988315,57.7752868460915,0.0017998500124989584,0.0017298558453462212,9.999166736105325e-05,0.00018998416798600117,0.00020164986251145736
212,0.018903897800641625,227.0,-0.0002747777,2.0720444419606765,109.53538264576636,11996.000062008914,8.68136e-05,4.33296e-05,2.267313614595002,515.2900009454523,226.99998859524993,227.18188015460737,226.83891495105203,0.00555630055489461,-1.0912831129611131,453.5822769119945,0.0016185295459081317,0.0008070179955552703,1361545.998983097,309070941.7145095,0.004997917000528827,226.86567750549992,227.09616086285865,227.00777365106663,226.98268690415924,226.99562636595581,227.18188015460737,227.10196174706684,227.09616086285865,227.0511566156481,227.0501595887544,0.00023164736271977335,9.832513957170236e-05,1.6665277893508874e-06,0.0001983168069327556,0.00020664944587951004
213,0.020645411295792046,249.0,-0.0704159456,2.272893028725851,109.53062825101233,11995.305759414627,0.015704807,0.0078579358,2.4652920137950023,620.0458780697653,249.00216411899288,262.76607164263964,240.35032743714248,0.849655344784469,0.5368049026994607,24.278775794337143,0.8786697544657045,0.43952861855788683,1493515.5305463946,371893066.2320396,0.0049977954182076345,247.76558096079992,250.19043560236997,249.83615760470715,249.36340026629156,249.62777465210976,262.76607164263964,259.57594405348937,255.99766668466526,255.4972879598312,255.345425553621,0.000148320973252229,0.0005999500041663194,0.0001983168069327556,0.0015015415382051496,0.0072960586617781846
214,0.0016532199531622393,20.0,-0.0273147374,0.18268497251716942,109.30907292475875,11962.962778121118,0.009174368799999999,0.0046027142,0.19686586944299972,4.011034927206013,20.008519752377246,29.782662352367748,6.760795477164266,0.4599534775915134,0.3443617016195028,245.97402254253572,0.12897037673617717,0.06417386137258774,120011.31896352439,2402522.2795428014,0.004997547417456687,19.840292657899994,19.9620508611199,20.157542292950794,20.042155188751778,20.03189978506386,29.782662352367748,29.164055476539424,27.708365569000964,27.528627069618985,26.978766392956267,0.0010332472293975502,0.0008699275060411632,0.004747937671860678,0.0035463711357386885,0.0014615448712607282
215,0.02766927158289325,332.0,-0.0245941468,3.030510253404045,109.53198254214804,11995.503530453936,0.0272731296,0.0136460363,3.320997536166031,1102.285608181005,332.0003969035525,436.4082866186087,307.71224691253974,1.4239298687413013,64.58529224764911,4832.683038555067,0.09386992086683676,0.04697677130144484,1991338.350049782,661137275.8623099,0.004997777004483627,332.05892826630003,332.0706898521225,332.1219298126997,332.0875849526859,332.15135954583,436.4082866186087,336.79881240958815,336.6457839405002,334.8864088834931,333.7911183923602,0.0002999750020831597,0.00028997583534705443,0.0014998750104157986,0.002101491542371469,0.00027497708524289643
216,0.013552657397141949,163.0,-0.0736746341,1.4879224156503283,109.52069019094337,11993.854508272008,0.0196975656,0.0098410224,1.6231713711829978,265.73750452705866,163.00323886893935,190.9766787273213,133.82303032549407,1.1285499978824627,-2.2931680094625095,251.5105730714152,0.38701972951267294,0.1935119660481064,977693.586673955,159374887.73189873,0.0049982917707515106,162.6454414231,163.04928034140514,162.773199791567,162.99554897797256,162.64028291337888,190.9766787273213,183.7391807420789,178.66041076502293,175.48830027943464,174.09809337935272,0.005444546287809349,0.0019465044579618364,0.000236646946087826,0.0018015165402883093,0.0020948254312140656
217,0.0051419764838429955,62.0,-0.0236778259,0.565972530838923,109.51245000106664,11992.651205643071,0.0091431495,0.004561308900000001,0.6141838597410006,38.450729963201375,62.00194916913586,82.80887925042038,55.27189127076489,0.5404249670164091,16.404286345375773,546.5854388367984,0.10844255458184193,0.05422069942320462,371887.8307343958,23059531.05416137,0.0049975865599895235,61.708859782600015,61.69661080547128,61.89256186399904,61.76395322169694,61.78380423465981,82.80887925042038,77.67187335710706,72.58116106182483,71.12496133128774,68.55083921809576,0.000148320973252229,0.005187901008249313,0.00548454295475377,0.0054762103158070155,0.0076976918590117484
218,0.031153725193550467,374.0,-0.0084654732,3.4138529461427902,109.53537659871766,11995.999178928352,0.0004392516,0.00021855079999999997,3.737513804331005,1398.760105444231,373.99997764545446,374.5452606421371,373.56669828690406,0.05150603649136577,0.21590275997265432,16.66710247987494,0.036644252841256275,0.018391601686744252,2243251.926515872,838976208.9407431,0.00499791272137052,373.87585604779997,373.931426678936,374.50613108453075,373.72056086308265,373.957275901514,374.5452606421371,374.50613108453075,374.4522837274863,374.43476079122127,374.3831909539889,0.0008999250062494792,3.3330555787017748e-06,0.009030914090492458,0.0025614532122323137,0.004999583368052662
219,0.01432670795791192,172.0,-0.0799959749,1.5701136649174,109.51310165194009,11992.746365590712,0.0248810276,0.0124331832,1.7187659803920132,295.9202308370788,172.00652192931352,216.41791644904012,136.99141173099872,1.3407402218571192,5.534748240561285,345.52638869572246,0.4083128873394912,0.20379735564571888,1031694.9850708377,177469026.76632342,0.004998095666433099,171.9348222029001,172.26853163410027,172.12976514238088,171.92836982426866,172.09239454120208,216.41791644904012,203.58675667937,187.38650860829543,186.2390382414284,183.9913876521739,0.006522789767519373,0.0017998500124989584,0.009469210899091743,0.0020964919590034164,0.0014998750104157986
220,0.005251419062561422,63.0,-0.0231958274,0.5750988552551578,109.51360582929063,11992.819975714296,0.0092135388,0.0046021892,0.6303565701780023,39.70051950503431,63.001973214677044,77.86232751617126,49.10678564933787,0.5254585654573816,3.066478372736158,328.8066725774919,0.11871912940543439,0.05924595804888355,377885.84606118436,23809210.99014502,0.004997556974698731,63.0222801698,62.91153621543481,62.811960520524565,62.7741954953275,63.06256430013332,77.86232751617126,77.57553352327051,68.73287955473259,68.5923707462515,68.5455922891632,0.0054762103158070155,0.005187901008249313,0.0017998500124989584,0.0051645696191984,0.005179568369302558
221,0.031912821104766134,382.0,-0.0578837884,3.486885034531405,109.53449603687,11995.87058607041,0.0090475109,0.004517142900000001,3.8396849125700148,1459.2557489465385,382.0006559529944,384.8769433006249,378.88587474695,0.6253785080624255,-0.003653274598102832,0.8944691052074774,0.752854386150716,0.3756423024362334,2291239.4288778463,875257117.3776066,0.004997893469093654,382.98576607829995,382.14342831508515,381.79566831412285,381.4608699239505,381.9714774625831,384.8769433006249,384.54140711476543,384.3361853150301,384.276316880048,384.2492104816642,0.0032280643279726687,0.0033097241896508623,0.0030847429380884924,0.001359886676110324,0.006514457128572619
222,0.02887008657446886,346.0,-0.09670617210000003,3.158331535443809,109.52896571116806,11995.062978234579,0.0262736587,0.013117689299999999,3.469399509468996,1197.2534945538666,346.0029234380984,362.752898765925,262.43969767282647,1.738012466928421,-20.470696093135032,929.3296612457129,0.8255654180500187,0.412057565524492,2075325.3523027296,718086696.832765,0.004997920910507751,346.4699089802,348.0619630660541,346.19930157554035,346.0751409760107,345.8986715676995,362.752898765925,361.35890757330486,359.07085815416826,356.9237993500781,355.92456735755604,0.0048929255895342055,0.004314640446629448,9.832513957170236e-05,0.009254228814265478,0.0017065244562953087
223,0.0180755301748355,217.0,-0.0004434586,1.9807649170300052,109.53538163359033,11995.999914195772,0.0002380342,0.0001192649,2.168488931938981,470.8900066463405,216.99999472014866,217.2388425198342,216.34522719348146,0.012483842989912541,-23.31858857315315,1361.1826779610133,0.0018195817626178723,0.0009095332350739227,1301566.0064224512,282439825.71941113,0.004997917708036837,216.9244376282,216.99769425309003,216.9488466649217,216.9867905767521,217.0046384996047,217.2388425198342,217.21167087077748,217.169576982787,217.07963192918982,217.06679498461912,5.8328472627281056e-05,6.499458378468461e-05,9.999166736105325e-05,7.332722273143904e-05,0.0002683109740854929
224,0.003597987482084848,43.0,-0.0446018875,0.3926495514445027,109.41163369816267,11977.931940108301,0.014623494299999998,0.0073087054000000005,0.4336497010580008,18.517871146550156,43.00900647544344,57.71287555323684,31.93212180919347,0.7766034318907831,1.2286619206908205,70.82805618115543,0.30655356335491035,0.15322262280173504,257967.32919290964,11098506.108868184,0.004996773772467666,43.17944777249999,43.14931757104811,43.25843766827739,43.19819158481688,43.2166997477558,57.71287555323684,54.197106523679096,52.12210120454538,51.85625606251543,51.799446855925154,0.0008049329222564786,0.0008965919506707774,0.00024664611282393135,0.0001849845846179485,0.00021664861261561536
225,0.026251334678710093,315.0,-0.0003829915,2.875303788217857,109.5353825495826,11996.00004796271,0.0001408782,7.04236e-05,3.1508451022910036,992.2500029271094,315.00000377519274,315.26339263770564,314.82555652222317,0.008545790958987085,6.496048332420968,309.7848571816566,0.003876223815609592,0.0019440022147136915,1889370.0024093105,595151551.9550811,0.004997915819645757,315.0422674792,315.26339263770564,315.15676121528776,315.1815242874581,315.19192854016546,315.26339263770564,315.19192854016546,315.09426829805847,315.08492793394834,315.0736705734434,1.6665277893508874e-06,6.6661111574035495e-06,1.833180568285976e-05,5.3328889259228396e-05,3.9996666944421295e-05
226,0.0315393114450628,379.0,-0.1165559441,3.4595238357051716,109.5324446685975,11995.571016047217,0.0154328346,0.0077225781,3.7799686152600063,1436.4613605735574,379.0015568648094,383.7268555622778,373.458326030159,1.1505723216607642,0.00886391667352884,0.9198674978724144,1.3512794971626363,0.67509460783333,2273251.7283062795,861574033.4841455,0.004997757855966435,378.50327665220004,379.45204703527116,379.08501191178243,378.13224267177264,379.16539553341954,383.7268555622778,383.64952883700727,383.64091910124966,383.3042082776247,383.11913209523203,0.006396133655528706,0.003769685859511707,0.0035647029414215482,0.0020198316806932753,0.005022914757103574
227,0.012614860553345448,151.0,-0.0446327031,1.3784155426837674,109.51259088651237,11992.67177107964,0.0238762954,0.0119551731,1.5176863339269968,228.07325233988638,151.00606532347803,189.96289575294225,102.5260112716108,1.1047244220226733,-10.516109043083882,990.337614753852,0.13363715789503772,0.06666122543231268,905734.3335830674,136778692.12123644,0.00499773504981478,151.3909415007,152.10754867737063,151.49046418599127,151.26239529713024,151.3863175274607,189.96289575294225,164.48417807836987,158.0264755049844,156.62660070946646,155.59031918718054,0.0001466544454628781,0.0017981834847096074,9.832513957170236e-05,0.0018165152903924673,0.006684442963086409
228,0.018742675583934738,225.0,-0.0001990795,2.0537884949950285,109.53538266573474,11996.000064924994,7.77086e-05,3.89182e-05,2.248617079301994,506.2500007842764,224.9999938430709,225.12067800455014,224.87908220471087,0.004576999773228104,-1.3809159917117015,309.59859062661985,0.0015928342108963989,0.000796098503030862,1349549.9977365495,303648749.10472924,0.00499791703599209,224.9308496827999,225.0462662389477,225.0083033057618,224.986771762948,224.99129790397436,225.12067800455014,225.10132533659544,225.073378623689,225.0664915151297,225.0462662389477,0.00020498291809015914,0.00022664777935172068,0.000236646946087826,0.00023164736271977335,1.6665277893508874e-06
229,0.005090513481918165,61.0,-0.0227849968,0.5568455398505997,109.51133735918066,11992.48873224891,0.0093998206,0.0046937751,0.6117572947040036,37.220890057312744,61.00199326542352,87.12074119706222,44.18842800255938,0.5488555922162626,12.957849141653009,1024.0162935729327,0.10816530582987838,0.054233331957568964,365889.92584924964,22321820.126418717,0.00499721412461134,61.09125229649999,60.7870222457683,61.16348749833639,60.970024126525125,60.98161558481376,87.12074119706222,67.41275589263216,67.29469602750115,65.6886062487245,65.51367060748663,0.000148320973252229,0.0005466211149070911,0.005172902258145155,0.005179568369302558,0.00016831930672443963
230,0.026580803751070876,319.0,-9.94619e-05,2.9118156157870954,109.53538277501997,11996.000080884458,4.0479200000000004e-05,2.01525e-05,3.189924586338012,1017.6100002071213,318.99999960998207,319.04568856799614,318.92140257594986,0.0019485769774657802,-9.23590971973251,498.5024914968046,0.0017051212430487794,0.0008534988189694559,1913361.9989213343,610362477.3345814,0.0049979169743375905,318.9962258166,318.92140257594986,319.04568856799614,319.0134534089128,319.00082235320775,319.04568856799614,319.01351721726786,319.01292697107874,319.01268566964274,319.0112034425735,3.3330555787017748e-06,6.166152820598284e-05,2.499791684026331e-05,0.002099825014582118,1.4998750104157986e-05
231,0.0189263011702108,231.0,-2.5176954269,2.110945146258852,109.16400818017664,11941.840790972201,0.0984479691,0.0491895961,2.2326885030899977,536.026556645332,231.13078052658113,288.6681848862529,194.27181317109918,7.743490771929777,0.17218798908104843,1.9295531453788133,9.341510282600638,4.686330816240286,1386327.3660494692,320783753.58286095,0.005000591889572801,227.1345403437,261.6358174801077,257.1552241724536,249.1347488688356,248.1746563358822,288.6681848862529,276.2806120306041,267.6504469879873,265.86364995363243,262.5423872102336,0.007019415048745938,0.0034847096075327055,0.006972752270644113,0.007096075327056079,0.007181068244312974
232,0.010179619193800518,122.0,-0.0007244153,1.1136096263475124,109.53537702546971,11995.999241248886,0.00027615129999999997,0.0001380755,1.2233068224800008,148.84001048738736,122.0000157378571,122.39282315700149,121.70887508086354,0.014218760326047391,6.302557227895393,273.5354363943881,0.005307541452992837,0.0026518724398698623,731756.0129007885,89274236.3469139,0.004997908589068657,122.16560994480001,121.90818375770523,121.70887508086354,122.39282315700149,121.86953153260299,122.39282315700149,122.36563562774987,122.28050760140695,122.2202133050156,122.20002773534716,4.999583368052662e-06,1.4998750104157986e-05,8.332638946754437e-06,3.166402799766686e-05,3.666361136571952e-05
233,0.016845794350104113,202.0,-0.00014774879999999998,1.8438454972710618,109.53538266760751,11996.000065198483,7.464580000000002e-05,3.73597e-05,2.0233272976380006,408.0400006625464,202.00001352976358,202.18320081050436,201.96516791291424,0.0037186204936737917,35.18046163077881,1664.2089620643903,0.0013963662097182805,0.0006975245057674329,1211595.998618515,244742391.51099455,0.004997915835108309,202.1663779956,202.18320081050436,201.96516791291424,201.96698328505846,202.0013588730054,202.18320081050436,202.06234841777294,202.01708774836428,202.0142064670978,202.01408560092605,1.6665277893508874e-06,5.3328889259228396e-05,9.665861178235147e-05,3.9996666944421295e-05,0.0002099825014582118
234,0.0007750242549370852,2.0,-1.9592580795,0.310308477307321,-3.9423863262192094,16.03957193880227,0.052454989400000006,0.019695661899999994,0.1650908484619993,23.071907681328266,9.143476847648392,982.942922127188,0.07043354657473157,32.74580037354822,17.072606671046994,366.79214091501166,5.0232690352763765,2.200239142880963,54844.65034765078,6934132.839128532,0.0040154719461007165,9.301066083499997,7.815363763062582,5.816010636924692,4.3372065364252546,14.31169457942411,982.942922127188,850.0014298654645,766.4265638718188,713.1004011464132,595.574921531652,0.0004499625031247396,0.0013515540371635696,0.0018015165402883093,0.0009015915340388301,0.002703108074327139
235,0.006333077873877211,76.0,-0.0293946732,0.6937807039413973,109.50856716134386,11992.084221339785,0.0124866785,0.0062442089,0.7600420086700048,57.77885290979961,76.0036758218526,105.68353589071413,60.59217847282377,0.6128492953336568,19.22555413127298,1084.9456242398107,0.18013886302119886,0.08979149607576176,455869.9672673788,34650040.222096816,0.004997538487726762,76.00326756440002,76.20114034323284,76.38957188708567,76.27038663406798,76.03637541101855,105.68353589071413,92.36004824028677,85.04853808719025,80.5127627261722,79.61493693767463,0.0002999750020831597,0.0017998500124989584,0.006559453378885092,7.999333388884259e-05,0.0014998750104157986
236,0.004406614098958407,53.0,-0.024935239900000003,0.4838377018208342,109.49711933258516,11990.412604180061,0.010403493,0.0052063738,0.5276539459049986,28.103083908532067,53.00215498517012,86.768535544595,44.138255349734294,0.6495916997064834,23.469525890035875,1266.1602681009845,0.08813290503428561,0.043964773648021094,317906.74189685786,16852263.937416643,0.004997839974204922,52.88377580160001,52.9341446582708,52.890187847419,52.94603912657934,52.938631486127214,86.768535544595,64.46357062474421,62.948218424191545,59.08623180675789,57.58461506722985,0.0017998500124989584,0.0008415965336221981,0.0018531789017581868,0.00010165819515040413,0.00153987167736022
237,0.0037529394314723716,45.0,-0.0466345474,0.41090109961494353,109.42069007003491,11979.253989550687,0.014450172399999999,0.0072252068,0.45101130809899875,20.27828332235263,45.008029239460704,68.80294514886603,33.511758412445566,0.8248873527610111,5.6399372313985126,182.1662766544376,0.2908297396512083,0.1458901994575541,269958.111821459,12154362.401744246,0.0049989633127518075,45.03902611710001,45.00276240325468,45.01089108166908,45.071310023193256,45.06164824004354,68.80294514886603,61.640895842538725,57.285879482638514,56.101862819079614,53.769271932401864,0.006509457545204566,0.0008665944504624614,0.0008349304224647946,0.0017998500124989584,0.0008965919506707774
238,0.014850795960219987,178.0,-0.1104722172,1.6247942759498586,109.53141987147144,11995.421392099224,0.0093993549,0.0046914659,1.784521878319997,316.85527989726035,178.00131610546052,186.80957387275828,166.9819251317147,0.5740049822287345,-1.2166960843467634,47.533181340177016,0.5102838144158,0.2549547047092062,1067651.839080736,190045399.25252664,0.00499788231586112,178.22440231860003,178.165298172488,177.7807590141683,178.2844625574706,177.29167973278206,186.80957387275828,183.17662799986252,182.53917863923374,182.45898292406804,182.07072089224937,0.0034763769685859512,0.002533122239813349,0.005876176985251229,0.0004499625031247396,0.003599700024997917
239,0.018242167835022045,219.0,-0.0004327297,1.9990208139714307,109.53538171902714,11995.999926672544,0.00022999579999999998,0.0001149984,2.1884851898709914,479.6100062706435,218.99999384503158,219.7820826058129,218.65781171449788,0.015613254352770474,24.130728637538972,1367.069266150603,0.001766644788915528,0.0008867856263350404,1313562.0009496799,287670079.8754899,0.004997915167875712,218.92425618810003,218.98103770106295,218.98050557720057,218.98219751072807,218.98323962296712,219.7820826058129,219.53958945816208,219.11587400537485,219.09697770406666,219.08767944239779,9.832513957170236e-05,6.166152820598284e-05,7.332722273143904e-05,8.665944504624614e-05,9.33255562036497e-05
240,0.012785085012940492,153.0,-0.049173317800000005,1.396670162532089,109.51318165186143,11992.758036496285,0.023969834699999998,0.011942176799999999,1.538887839913001,234.15325285033893,153.00806231017046,179.63358577265365,130.07816288161257,0.8334262249684473,4.407886309286659,524.4701045128852,0.1339564074709756,0.06704241493048357,917741.7300527607,140425954.24216738,0.004997675737592391,153.43380524029996,153.0158252113952,153.2886865758289,152.9720544580625,153.05874815524015,179.63358577265365,179.3854938893632,162.2960721581381,161.7586648680494,160.66335181294667,0.0017998500124989584,0.0001466544454628781,0.0017048579285059578,0.0065361219898341805,0.0008599283393050579
241,0.031093576216640252,373.0,-0.0047078757,3.404724769898775,109.5353781299532,11995.999402544112,0.0003551556,0.00017732959999999998,3.733076750343016,1391.290078968793,373.00001489461437,373.6372497030303,372.14843572176824,0.044670618369578995,-0.3489003531984727,63.60525913233933,0.023275490264040855,0.01163202351841619,2237254.0180419004,834495767.4181242,0.004997915889945446,373.15400817589995,372.89079305691536,373.03430082651414,373.0070918257621,373.03001223443187,373.6372497030303,373.5666771138887,373.4805581785156,373.4661913502822,373.4442690674982,0.004511290725772852,0.006467794350470794,0.0067661028247646025,0.004214648779268394,0.0019598366802766436
242,0.008839574308199344,106.0,-0.0358966142,0.9675842877414771,109.52797923044731,11994.91891654777,0.0087071149,0.0043365649,1.0616628722280033,112.37012400597722,106.00145137408414,122.25745935464033,98.09084560804999,0.44515550914217494,5.93081909488871,364.94167591947223,0.22044655293649384,0.11024015997809045,635796.6140127187,67396542.95704356,0.00499794575322883,106.08373127269999,105.88900405939606,105.9730609653559,106.14606491887407,105.9060951722002,122.25745935464033,113.29638419480838,112.37580334506742,109.33641614496955,108.71305416608672,0.005504541288225981,0.0002983084742938088,0.005499541704857928,0.006546121156570286,0.00032497291892342306
243,0.01752144948745944,210.0,-0.0005483627,1.9168690138172189,109.53538094551146,11995.999813712197,0.00032288180000000007,0.0001607591,2.105498859145982,441.0000100342405,210.00002400921443,210.87030607096173,209.69039610153425,0.015878008083587303,28.20953891110067,1585.4996402598765,0.003182724480524257,0.001592901676559677,1259580.0066368743,264511804.26211613,0.004997915220565731,210.27491529899996,210.25815608179926,209.9480279531186,209.9864089457516,209.9325151014093,210.87030607096173,210.27291877484615,210.1281423759375,210.10725587682975,210.08723228145388,9.832513957170236e-05,6.66611115740355e-05,5.166236146987751e-05,7.166069494208816e-05,4.332972252312307e-05
244,0.018334423387742604,220.0,-0.000397719,2.0081486802707773,109.53538185782648,11995.999946942111,0.00021373490000000002,0.0001070165,2.2006285967600183,484.00000550246955,220.0000028807317,220.31663834023288,219.65067005912584,0.009224332152396554,-6.256495749822268,768.5981017112015,0.0017869105389536344,0.0008952172315446205,1319560.001876668,290303201.33568513,0.004997917153937298,220.03141507630002,219.9383344383958,220.01252657279525,220.02458305020474,219.98869503542215,220.31663834023288,220.1862774610049,220.0897453954887,220.07678962328134,220.06952907997808,5.666194483793017e-05,6.166152820598284e-05,9.999166736105325e-05,0.00016331972335638695,7.83268060994917e-05
245,0.0031669887084409534,38.0,-0.0433811955,0.3470671335629079,109.34128133829242,11967.663132923793,0.0165888965,0.0082765327,0.3801631277589986,14.47415926597701,38.01174365695222,84.25439871556763,17.75169343886694,0.9023480201684336,23.960538027363917,1277.6278259226049,0.14412764436980297,0.07212465790769329,227994.54678392972,8671358.940321289,0.004997455885099462,38.00703149,37.804688530718664,37.87662723993861,37.95479143581004,37.881522858671744,84.25439871556763,58.326986423638154,56.56359231750172,48.63084972957345,47.36105254044207,0.005244562953087242,0.0002999750020831597,0.00899591700691609,0.003599700024997917,0.00015498708440963253
246,0.027164578471085853,326.0,-0.001425995,2.975711298134458,109.53537764896308,11995.999332300795,0.0005607593,0.0002759057,3.2600413199849827,1062.7600665132702,326.00000161646875,328.587182549993,325.0863404502672,0.04068989228133635,40.265879459215874,2783.8903394140953,0.007675328853679275,0.0038522665972209325,1955348.0105306853,637443464.7983458,0.004997913265795192,326.00210623149997,325.8268434898202,326.0187244394274,325.98733418854135,326.06827196434153,328.587182549993,326.53912675701235,326.40491347519554,326.11765891024845,326.08224143289397,0.0002999750020831597,0.0017998500124989584,0.003599700024997917,0.00033330555787017746,6.166152820598284e-05
247,0.006926561472218991,83.0,-0.01372201,0.757629676403008,109.5310293230731,11995.364328865438,0.0054052297999999995,0.0027033848,0.8325147827949986,68.89364993073612,83.0005780514696,87.22483418436191,75.83966592305201,0.24116378682272555,-2.833383814125426,187.84391507853385,0.1439160068715637,0.07196015676780121,497837.8345895781,41321207.06838264,0.004997860866846387,83.12566422809998,83.03403128778099,83.03741663514725,83.05573999981785,82.96258351214448,87.22483418436191,86.28001778577064,86.17824580134133,86.00144959886586,85.47523674280838,0.002838096825264561,0.0027047746021164904,0.00021664861261561536,0.004779601699858345,0.0021131572368969253
248,0.024164772003591243,290.0,-0.0001120567,2.6471051015806673,109.53538277298276,11996.00008058696,3.78838e-05,1.89272e-05,2.9000285333720073,841.0000001919599,289.9999995221833,290.0232409064582,289.9765184536091,0.0022043480702319722,0.046219343653813555,5.445830679122286,0.002744932790733401,0.0013734668365259495,1739419.9976151846,504431798.6459533,0.004997916852363434,290.00142881510004,289.9765184536091,290.00043496698726,290.0232409064582,289.9935115056122,290.0232409064582,290.0182800943876,290.01274002177354,290.0109142060063,290.00878932481373,4.999583368052662e-06,9.999166736105324e-06,1.6665277893508874e-05,3.166402799766686e-05,4.166319473377218e-05
249,0.030793463199208195,368.0,-0.1302121716,3.359139339742933,109.52996002512215,11995.208181057802,0.0249385687,0.0124529967,3.711038555348012,1354.3293771838778,368.00323831260874,378.506151726778,358.606141047113,1.5244706371629477,-0.054640909430649136,2.4933451631600736,1.8242257602852305,0.9128613550163891,2207282.5402692836,812300738.2122504,0.0049978766888500465,369.5523518537,367.8463831872909,367.2255623930998,368.9098243369285,369.155935131437,378.506151726778,376.86731828288214,376.12558884043216,375.8504376976694,374.9482974831825,0.006474460461628197,0.0034763769685859512,0.0002933088909257562,0.004047996000333305,0.004062994750437463
250,0.014980225366877797,180.0,-0.0255731959,1.6430518138901176,109.5312039029924,11995.389823116688,0.011657761,0.0058272105,1.7956193477730074,324.0164773094627,180.0011831632486,188.09048366093086,138.97764029640095,0.6303458227099127,-46.140333504249575,3000.631131200568,0.09012120930196943,0.04512328564257473,1079647.2808912895,194340204.71200138,0.004998170872386317,179.7776846279,179.8368458187549,179.818136244319,179.87665530054267,179.88042396188948,188.09048366093086,185.4841390996556,183.83026871785228,183.07553564107923,183.010326946617,0.000148320973252229,0.00018998416798600117,0.0024014665444546286,0.0003016415298725106,0.00024331305724522955
251,0.015990583351795633,192.0,-0.0643668026,1.752601691381167,109.52872933205997,11995.02845217841,0.015411587000000001,0.007705571099999999,1.9181369054210027,368.66984974661347,192.00248958938928,219.55861980430623,180.45223855994237,0.7460688870923247,7.663292084726869,332.03380945072286,0.32261616713503827,0.16165889927867738,1151631.0069063553,221119373.83951324,0.004998086888275852,191.90299080489999,191.81620973588028,191.8813922960339,191.9006390149357,191.96552950641794,219.55861980430623,197.85516038258228,196.95002800175612,196.22647930169532,196.15945998064524,0.004749604199650029,0.00010832430630780768,0.009175902008165987,0.0008065994500458295,0.00016165319556703608
252,0.007185129374235473,86.0,-0.0320014656,0.7850507813493524,109.51555115388769,11993.104068121806,0.0119042369,0.0059533111,0.8645224171790025,73.97785214473507,86.00321854238064,104.68152497265325,79.00843984087008,0.591617675583077,7.4034518906755515,227.31371272959456,0.27435642496539003,0.13718342221467594,515847.3003351894,44366627.38971252,0.004997747752674082,86.2287376202,86.22268178565082,86.31346128981335,86.3820982161826,85.9808368319479,104.68152497265325,95.99313976968388,95.7789026650608,93.7997628395592,92.54261289957387,0.0055545371219065075,0.00012665611199066745,9.832513957170236e-05,0.007436046996083659,0.005097908507624364
253,0.01622694687322723,195.0,-0.0427567624,1.779984796442387,109.52899140416686,11995.06672516627,0.015677525699999997,0.007817137900000002,1.9448760678870043,380.27957692249385,195.0022187862533,216.72968166835983,186.73552452176227,0.7737500994760835,7.898405497197363,217.25638810070026,0.3295866987804743,0.16450037578374577,1169624.121233337,228083047.88699684,0.004998004044082297,194.73958942560003,194.81873719307325,194.87041011753766,194.9107421949434,194.92351822090063,216.72968166835983,215.759394995466,209.21250150233678,202.19842891207514,200.21150998887452,0.0017998500124989584,0.004749604199650029,0.001849845846179485,0.0008082659778351804,0.00912757270227481
254,0.018664625074327135,224.0,-0.0001984192,2.0446604985070334,109.53538261641214,11996.000057722167,9.118409999999999e-05,4.5669999999999995e-05,2.239883341219986,501.7600010706591,223.99999988642284,224.15115114868158,223.9059264473034,0.004594239733974546,6.009242151767225,355.32915466837187,0.001581862187151728,0.0007883702207607257,1343552.001928789,300955648.99070144,0.004997917657156691,223.994165517,224.10072902979266,223.99048236815364,223.99846034015505,224.01037095554858,224.15115114868158,224.10072902979266,224.09659637807968,224.0631879071811,224.0523164085622,0.00022664777935172068,1.6665277893508874e-06,0.00022998083493042245,4.8329305891175736e-05,6.66611115740355e-05
255,0.021507335794008764,258.0,-0.023874402000000003,2.3550209672055384,109.5339447762059,11995.790083203516,0.0099630789,0.0049892760999999996,2.582124983924994,665.6516484470302,258.0005391399745,292.63806690240807,249.03927224873314,0.545737101758026,42.291990203660376,2725.561859536658,0.12587713592188265,0.06318973848431142,1547487.223668152,399254322.08069146,0.00499773463268449,258.1095368639,258.1202727419801,258.184111836247,258.12648403532046,258.0975703297691,292.63806690240807,265.5481179210097,262.58524745735116,261.90496863031007,261.3136270103469,0.0002999750020831597,0.00012498958420131655,0.002099825014582118,0.000148320973252229,0.0005999500041663194
256,0.03012086934541323,361.0,-0.184200265,3.2952240976485028,109.53189113639688,11995.490188888536,0.017249576500000002,0.0086330693,3.6194893374409984,1303.2653756192017,361.0022397929445,383.313983826295,337.77455635591105,1.1727431534449422,-0.20636315636766522,51.98576843099654,1.1657344058497756,0.5829526176434001,2165291.501548162,781683356.4296753,0.004997940887350737,361.48055301429986,360.7722915908619,361.61722678661863,360.4765002950926,360.55467317208763,383.313983826295,370.23529868539043,368.8368406401148,368.49871287294786,368.2943909449372,9.499208399300058e-05,0.0001049912507291059,0.008660944921256561,9.832513957170236e-05,0.008669277560203316
257,0.0284072132366465,341.0,-0.0002452232,3.112630548076126,109.53538270939667,11996.00007130117,7.92496e-05,3.86004e-05,3.4082997271530298,1162.8100011772826,340.99999288739787,341.1666883213091,340.79390852233945,0.005282339741715141,-1.4413939985976125,690.4702211199711,0.0015364650482183606,0.0007674908363810573,2045317.9998724302,697453438.0767732,0.004997916576770801,340.914966053,341.01209711012154,341.14593495517505,340.99298321509605,340.99058999501983,341.1666883213091,341.14593495517505,341.0723241333134,341.0656618978804,341.0514697937749,0.00019498375135405382,3.3330555787017748e-06,0.00020664944587951004,0.00018165152903924672,0.0002999750020831597
258,0.00414277186636115,50.0,-0.0255911909,0.4564546274388336,109.49435986683947,11990.009677562037,0.0100979768,0.0050490648,0.4943238835870023,25.012484773704163,50.00337119480935,64.21247728025095,28.600003304004424,0.5341468288133084,-5.679236367951801,554.2713544939102,0.08973616995386635,0.044685001112547695,299920.4528408996,14998756.888635293,0.004997638957004026,49.717405168199974,49.7499804782244,49.843264043395266,49.78151698196976,49.788383971601654,64.21247728025095,59.016991864725945,56.389600202692556,56.17603972148659,56.11515492656453,0.00010165819515040413,0.0008415965336221981,0.0008132655612032331,0.0008382634780434964,0.0017831847346054495
259,0.03029199737761002,363.0,-0.0892013325,3.3134552390417245,109.53436183672409,11995.85098844001,0.0081078109,0.0040724375,3.64070806079199,1317.7063723094495,363.0006700297798,367.56486557982987,357.8157032672453,0.6438936592802181,-0.011830932465266385,6.586246564468514,0.6700688692054655,0.33549047034620116,2177277.825520485,790355726.3568165,0.004998026310328576,363.53426052870003,362.22663403549376,363.58311250325335,362.8126226656705,363.47100967051136,367.56486557982987,367.11322125239985,367.0540013853476,366.7404341887781,366.7371724103199,0.00018331805682859762,6.166152820598284e-05,0.008559286726106157,8.665944504624614e-05,0.002099825014582118
260,0.024330037607424304,292.0,-0.0001192093,2.6653610114780437,109.53538277612937,11996.000081046472,3.48104e-05,1.7360799999999998e-05,2.9196959334740145,852.6400001623883,291.9999984747722,292.01366513434635,291.97716922805694,0.002019184255497119,-0.37750157434725784,4.578959821194746,0.002598658450210678,0.0012976846147125798,1751415.9979518629,511413470.8282303,0.004997917289768981,291.9847813267001,291.97716922805694,291.9955920283164,292.001372893196,292.00361876238776,292.01366513434635,292.0102786896532,292.0094472937416,292.0079952928067,292.00701240106105,2.1664861261561534e-05,9.999166736105324e-06,2.6664444629614198e-05,6.66611115740355e-05,4.8329305891175736e-05
261,0.012606955707457708,152.0,-0.0487744063,1.387543678133066,109.51289380296728,11992.716005608607,0.023593653,0.0117971926,1.5057345373100037,231.1032398062654,152.00278535256396,242.2236562715793,122.61780909994619,1.5444374033128843,35.91536306785935,2089.15929786634,0.13836232689399708,0.06937598586750937,911712.8006976489,138597208.4111222,0.004997871104489267,151.29607544519996,151.87033918104922,151.54274206160662,151.34871494789883,151.49953487880725,242.2236562715793,196.41377451402886,167.9277522208705,162.83625184685138,161.5908766690572,0.0017998500124989584,0.000148320973252229,0.006504457961836513,0.006539455045412882,0.005957836846929423
262,0.02631611972423137,316.0,-0.0007748604,2.8844319093864024,109.53538217654278,11995.999993485853,0.00023967040000000002,0.0001197815,3.1563955269100017,998.560007530055,315.9999852001712,316.37605612401006,315.6358035229319,0.013226064628964623,-1.5546757772686342,306.3783284736606,0.004389125970021723,0.0021960596266694665,1895368.0029057013,598936290.869553,0.004997917269004911,315.81975281049995,316.14251448735735,315.6358035229319,316.04213370100024,316.08410657868103,316.37605612401006,316.23525397371327,316.2091291941559,316.14251448735735,316.11935040348715,3.333055578701775e-05,3.833013915507041e-05,2.999750020831597e-05,1.6665277893508874e-06,5.8328472627281056e-05
263,0.030608990014498735,367.0,-0.1402609849,3.3500101493249215,109.53015765890913,11995.23704162466,0.0240172239,0.012013452499999999,3.677019117496985,1346.9756424854024,367.0027668572584,384.00031908099675,357.22874710704895,1.4766270785373015,0.2642333889775389,4.668186706682721,1.7489886866258075,0.8743105451853239,2201283.0633068774,807890226.0362774,0.004998110457978366,367.338489164,368.33687077169037,366.79901177661037,367.1847978493059,366.2911862475238,384.00031908099675,374.50190819146724,374.2942135576851,374.2800074013067,373.9404626001687,0.002531455712023998,0.005744521289892509,0.00668610949087576,0.0017365219565036246,0.0061628197650195815
264,0.013304455400416627,159.0,-0.0585462339,1.4514301839952044,109.51571567239911,11993.128077728197,0.0216136901,0.010849654899999998,1.603331773370995,252.87051754145116,159.00579998708554,208.11621639818205,139.34917338668944,1.0796159882181486,14.597036511783203,791.179836404212,0.20401156989555602,0.1015200709271653,953716.4818436329,151653395.46342057,0.004997531345304184,159.6667692604,160.03197329591055,159.05737204740777,159.91763762143484,159.66540192030925,208.11621639818205,174.3208416371315,173.09156535009055,171.43517158319975,168.8692138178881,0.006496125322889759,0.00010832430630780768,0.0008115990334138821,0.007391050745771186,0.006522789767519373
265,0.01373783873229739,165.0,-0.1654497683,1.5061730399798796,109.52198170185932,11994.043122507788,0.018414473100000002,0.0092267098,1.6473285214570121,272.2944039413599,165.00292169312053,194.4719303806756,137.06796026101594,1.1238208132185221,0.04691249184363286,240.17812532094342,0.4307949406958471,0.2148972220130645,989687.4970025555,163308900.6111024,0.004997901661595297,164.8678026263,164.5870412821519,164.56140853653895,164.3362291176887,164.08356297657755,194.4719303806756,187.20779190981472,186.1098283761531,178.12280631982262,171.94935844953713,0.0001849845846179485,0.0017998500124989584,0.0019465044579618364,0.0054462128155987,0.0022414798766769435
266,0.006115256633155568,73.0,-0.0281828288,0.66639764524794,109.50693241790137,11991.845515238987,0.012406708700000001,0.0062159493,0.7377943535539987,53.3084547627899,73.00407648464534,96.66777734537882,55.346279852530806,0.582218369952798,12.732607701290782,788.341929589971,0.17859814521473538,0.08899862782213575,437878.3609055574,31968932.2262989,0.004997821160713059,73.38919485449996,73.2027831750459,72.95168739296795,73.15145284506097,73.10401499088212,96.66777734537882,90.75408202703281,86.1038481098089,76.70172798478454,76.49885608326873,0.0002999750020831597,0.0017998500124989584,0.006562786434463794,0.0005999500041663194,7.999333388884259e-05
267,0.03146094142061464,378.0,-0.1659805757,3.450406395606131,109.53143163490657,11995.423081301562,0.018053590199999997,0.0090130928,3.771311498076024,1428.9087061262503,378.0021647734334,383.8672532654421,372.0029007742622,1.3243398344963817,0.008668266490292764,1.007435264764731,1.5682780466085546,0.7850332264840745,2267257.3236165713,857038826.0606639,0.004998043054274744,377.56275798879994,377.20370680544585,376.6955143806645,378.3863417948517,379.2603913333365,383.8672532654421,383.8184456225794,383.53002103467117,383.43460386309914,383.3329279896009,0.006389467544371303,0.0063861344887926,0.006417798516790267,0.003183068077660195,0.0039430047496042
268,0.018490977681476513,222.0,-0.0001938438,2.0264046648598795,109.5353826537932,11996.00006318112,7.98937e-05,4.00144e-05,2.2182038310910044,492.84000084076746,221.99999305210997,222.1967927403427,221.90585419807016,0.004873634596030585,11.280372700992888,568.3478083855194,0.0015792445723832316,0.0007917374967121305,1331556.0030750472,295605433.5037814,0.004997916898705718,221.9102231554,222.08177582256064,222.0220155497158,222.01708057505354,222.02179172297693,222.1967927403427,222.10560846638433,222.08177582256064,222.07401286159381,222.0502132998654,0.00022998083493042245,9.832513957170236e-05,1.6665277893508874e-06,0.00022664777935172068,5.499541704857928e-05
269,0.026908902080668217,323.0,-0.0001028018,2.9483274578163225,109.53538277784818,11996.00008129748,3.64431e-05,1.82188e-05,3.228674218108999,1043.2900001837095,322.9999947607835,323.0705898148314,322.9337338700999,0.002264278267739924,3.710368027852552,380.03920627162813,0.0016364399381245676,0.0008170225892172311,1937354.0022154301,625765343.4597285,0.004997916603431662,322.9337338700999,323.0705898148314,322.9839759116023,323.0235481803435,323.0078273125407,323.0705898148314,323.06045733142906,323.0235481803435,323.0226321162992,323.01710994583823,1.6665277893508874e-06,0.0002999750020831597,4.999583368052662e-06,0.0008999250062494792,0.0005999500041663194
270,0.029485288481135005,356.0,-0.0161440249,3.24955156491874,109.53536057303228,11995.996838620506,0.0009608176,0.00047996439999999996,3.517050493740962,1267.3603503605939,355.9998657309983,356.4188369769954,353.8529470621,0.09733752751097707,-1.8579917889432278,39.50664098595633,0.12085057175431757,0.06032409477751344,2135288.230927026,760162746.9505675,0.0049979117771481755,353.8529470621,355.9110249223406,356.2080082048964,356.0830890487339,356.10950483060014,356.4188369769954,356.3504384278015,356.3433796173264,356.338098511748,356.3319270283508,0.00987584367969336,0.00997083576368636,6.499458378468461e-05,0.004787934338805099,0.005027914340471627
271,0.0009650268513373905,6.0,-4.759155273399999,0.21295328546924883,-5.473526601469066,151.5050470761795,0.0641663614,0.030949164199999997,0.1717565322100001,10.524913226681333,14.70519234264794,455.5084058544542,0.13300301973913278,18.114277842075065,8.057489712681086,117.27460925179543,9.564984173635615,4.335229781954482,88206.06756988136,3265564.880458681,0.004001345484100635,11.5812872429,12.0639420364466,13.092691664294957,14.963402355283478,19.18142478961606,455.5084058544542,328.9753067040086,291.61458028674866,273.528541736662,260.46234076091514,0.0007332722273143905,0.000148320973252229,0.001466544454628781,0.0008815932005666194,0.00161486542788101
272,0.0015740792944754598,19.0,-0.025281179700000003,0.17357165188034168,109.26947137214813,11957.183889429167,0.0094150603,0.0047125038,0.18786829742199926,3.621705312911733,19.010434291123257,30.028138127577204,12.468812913910103,0.4313056648527693,7.807389710077617,235.07471166957035,0.11200392419436866,0.055983533410866926,114024.67480761406,2168776.25004344,0.0049960895411530456,18.89052561299999,18.874167760574853,18.964140587078134,18.98220382262835,18.998918823569845,30.028138127577204,28.469521252052044,27.739753150609005,27.527900264063916,27.365626920133103,0.0001466544454628781,0.004749604199650029,0.0008699275060411632,0.0008782601449879177,0.0010365802849762519
273,0.005832392635847008,70.0,-0.0036530269,0.6389565534273564,109.53530809374905,11995.989174840255,0.0004953448,0.0002475276,0.6998881303420017,49.000044542313226,69.99999989373146,70.4251484308171,68.5065846199941,0.035026418179608367,-12.457102524538584,555.644146303018,0.02622194968920155,0.013123924032456102,419859.99693999795,29390206.931404747,0.004997908056022741,69.99454402280003,70.19279370360705,70.00596718225842,70.01814298040037,70.12434071827907,70.4251484308171,70.27681814165783,70.19279370360705,70.16946223284243,70.15915963933429,8.332638946754437e-06,1.3332222314807099e-05,1.6665277893508874e-06,0.001968169319223398,0.005666194483793017
274,0.023150794667311164,278.0,-0.2312381268,2.537614669618304,109.529577391862,11995.152324155144,0.0190540543,0.0095407156,2.776583525319987,772.894600971825,278.0022857063464,307.3535563178664,263.0444851187118,1.210899622559578,1.8597462562122502,72.20237839304201,0.8599830286665338,0.42999540587516094,1667457.6493408247,463565817.209152,0.004998034825642362,277.8326868023999,277.9831841152144,278.0774217201377,277.5467872322766,277.2492799302905,307.3535563178664,288.5560593613742,288.21757064714035,287.9521633538896,285.3022866576184,0.0055545371219065075,0.006526122823098075,0.009667527706024498,9.832513957170236e-05,0.006651112407299392
275,0.01350331734520463,162.0,-0.054695680700000006,1.478787155711027,109.5221553164097,11994.06845439026,0.0183577621,0.0091752537,1.6208507049469953,262.48224518482243,162.0023641618145,194.43701553650678,130.79040102933024,1.156951601173489,1.9870414604567634,324.461092311593,0.36317006455746537,0.18166153173538646,971689.8956486711,157424043.97027147,0.004997935081888646,162.05331145979997,162.4070892858906,162.42482874239747,162.12100618771868,161.81390759247904,194.43701553650678,192.31762497624572,179.2223044497193,176.39681294376805,172.61618775270296,0.0017998500124989584,0.0019481709857511874,0.00018331805682859762,6.999416715273727e-05,0.005472877260228314
276,0.028646126646804434,344.0,-0.0793041786,3.140077060267125,109.52883433354503,11995.043791155684,0.0265993412,0.0132895872,3.4359332510139806,1183.454300481823,344.00392924245983,359.51533981995675,292.25028653068324,1.4709784115789302,-8.575064181314314,292.4523320516603,0.7046929709975984,0.3525421309911394,2063335.7368226284,709808639.4976499,0.004998230282146542,343.7821658882999,344.7483581686674,344.9748378370483,343.51653677150625,344.2792667157405,359.51533981995675,358.6727132688016,356.60020369038045,355.9137074497422,355.5652390434558,0.006537788517623531,0.009047579368385968,0.007506041163236396,0.009684192983918007,0.0038713440546621113
277,0.005917049484542993,71.0,-0.004284524699999999,0.6480844957648296,109.53530617723698,11995.988894982622,0.0004851516,0.0002426876,0.7102106599999969,50.41004700056789,71.0000095126675,71.28983049498953,69.77723370433625,0.03464491639709351,-7.264083974932139,264.925278789535,0.024052587654566082,0.012005777285622798,425858.04364712967,30235931.398125537,0.004997912723512722,71.01051086399998,71.0879409072946,71.093331694803,71.16601586941525,71.08352165317827,71.28983049498953,71.22919748906544,71.22832912871084,71.22341232362186,71.20435527334932,0.0005999500041663194,0.004999583368052662,0.003599700024997917,1.9998333472210648e-05,0.00032330639113407216
278,0.010423055996691879,125.0,-0.0009318615,1.140993549522818,109.53537210463186,11995.998522634045,0.0003859917,0.00019317730000000002,1.251736079462999,156.2500203307725,125.00001028870629,125.60621024394416,124.55966564785439,0.02183686549289911,8.680332666812214,336.88237402599503,0.005571087703884814,0.0027873128293123273,749750.0206505189,93718758.01944067,0.0049979078331450376,125.08709501629994,124.58988073861619,125.52911757192007,124.73547348730298,124.55966564785439,125.60621024394416,125.52911757192007,125.4972456428083,125.22587863060232,125.20745308219256,1.6665277893508874e-05,3.3330555787017748e-06,9.999166736105324e-06,2.999750020831597e-05,2.6664444629614198e-05
279,0.02291821686322787,275.0,-0.0001151108,2.5101858416792378,109.53538276732867,11996.000079761261,4.2231199999999996e-05,2.1111800000000003e-05,2.750830328303025,756.2500002275251,275.0000034561308,275.0729059993524,274.9536859165388,0.0021746855154864955,5.199154602249951,287.7527688452101,0.0014253620765316555,0.000714422704959361,1649450.000216003,453598750.1463105,0.004997916808307661,275.0415205756,275.0090885783681,274.99038282366735,275.00688054637055,274.9966439077189,275.0729059993524,275.02072958622455,275.0162728940822,275.0159867881398,275.01317684877233,9.832513957170236e-05,8.332638946754437e-06,0.0006916090325806183,2.8330972418965085e-05,0.000148320973252229
280,0.0027873840599783404,34.0,-1.0719327927,0.31413307042304317,105.58875761870634,11428.528889640178,0.0207967814,0.010295176400000002,0.3290349987909988,12.126939048494249,34.22723361102158,100.723921146622,5.574943348794376,3.5819639683022255,4.087283335661116,58.39516739762629,2.3604313615134203,1.1792869977095108,205294.7658376447,7103634.717584759,0.004984772308921959,33.45139610379999,32.821876431613944,33.47606396944725,32.42853389691045,34.62107476794772,100.723921146622,87.71343419663238,84.66796853372342,80.0282580603056,77.78466848905414,0.0005399550037496875,0.001079910007499375,0.0016181984834597117,0.001228230980751604,0.0026981084909590866
281,0.018413203406466173,221.0,-0.0003969669,2.0172766696202937,109.53538198951493,11995.999966173224,0.0002161056,0.0001083233,2.209538383987998,488.41000476896465,220.99999791481505,221.2751699119829,220.1720778320981,0.013163817606837649,-40.837350726715265,2660.1927658970094,0.0018095280923660084,0.0009057385581456856,1325557.9985336796,292948318.3911612,0.004997918755302477,220.97685408099994,221.03327596232478,220.98378423761304,220.9756548038144,221.0006995933031,221.2751699119829,221.14104532966232,221.11418456861065,221.0964120916313,221.0825022719233,9.999166736105325e-05,5.8328472627281056e-05,5.166236146987751e-05,6.499458378468461e-05,0.00010332472293975502
282,0.002658700144029659,32.0,-1.0571227074,0.29624811538878193,104.9440943661898,11337.187530393014,0.020077035,0.010006879,0.31807008364199846,10.826558388302077,32.26871209937379,92.31406963311944,11.093693481804207,3.475570246057579,3.7024309805683684,45.41456432771733,2.538792057436204,1.2688940977297847,193547.61058421465,6317993.30284711,0.004980289451456743,31.907060428500003,31.478615188166295,32.36761628667643,31.362384977982973,31.986260129648823,92.31406963311944,83.96264178126737,71.01314441024998,70.32251797189095,69.74475910249612,0.0016165319556703608,0.0005382884759603366,0.0032330639113407216,0.004311307391050746,0.004849595867011083
283,0.014269287087042734,171.0,-0.06670453400000001,1.5609832047474301,109.51345036267038,11992.79727364101,0.024019734,0.0119845962,1.7146709355450052,292.4880542553901,171.00648136982028,200.63267535939067,137.35557613805545,1.3012187090094802,1.3097753126764726,206.17503577758708,0.3840314880844744,0.19254214218332777,1025696.5579282572,175410862.28012148,0.004997580342428215,171.24571433159994,170.85037767875335,171.0875625328579,171.12980208629915,171.0903479185285,200.63267535939067,199.7682785360493,195.344127159498,184.99756283692201,183.52469223467256,0.000148320973252229,0.008010999083409716,0.0065211232397300225,0.000709940838263478,0.0017998500124989584
284,0.021067945096183642,253.0,-0.0376253437,2.3093927064630293,109.5323118345265,11995.55161852865,0.0134479088,0.0067235016,2.5267937598739882,640.1139217746276,253.0009594110989,275.0584390543956,241.10815729153714,0.8348270204688746,7.060763192148458,205.9622922895208,0.4967989912123869,0.24937116506353618,1517499.805198446,383933100.34048164,0.004997856455524761,252.8364090993,252.78214365451785,252.8660729681777,252.76411396732925,252.68537849787245,275.0584390543956,272.6189556047576,271.20255757372763,265.5033313208776,264.08342877542515,0.0002999750020831597,0.0001699858345137905,0.005472877260228314,0.000148320973252229,0.0054812098991750685
285,0.02929097953243914,351.0,-0.0910078787,3.203971686181412,109.52901134957274,11995.06963870829,0.0268040003,0.013401182999999999,3.5202941597430204,1232.1055308042435,351.00281868699227,433.73304057364555,314.2813263003806,1.6856912646072097,19.610417252404304,1039.7650805686749,0.8595465136709777,0.4288020511694981,2105314.135655408,738987971.1041015,0.004997957028389351,351.5210453688,351.11782574971784,351.4423715801988,350.88784073804226,351.00639224499685,433.73304057364555,384.80951885455704,373.2039121600209,366.67082841910167,360.88255524848296,0.0002999750020831597,0.00649779185067911,0.00010832430630780768,0.007391050745771186,0.0034397133572202318
286,0.008251879981651502,99.0,-0.0317534804,0.9037190974700013,109.51639758644397,11993.227661246978,0.013725372900000001,0.0068670522,0.9905618253219999,98.0326473872455,99.00338474208812,127.1180649600157,83.69686210814618,0.6849466856489688,17.13736797688265,765.0585286331755,0.12183263018656021,0.06102869502601038,593822.2968508287,58793231.2872346,0.004997821623886838,99.03081165980001,98.92414847137195,99.16338864813166,99.05447179597505,99.04563936289873,127.1180649600157,122.13207775389246,110.96660139614309,106.8460616738791,106.72351385019942,0.0002099825014582118,0.006552787267727689,8.665944504624614e-05,0.0002999750020831597,0.0017998500124989584
287,0.013012703969577545,156.0,-0.049456141900000014,1.42404925883748,109.51475154431124,11992.987289371642,0.0217949068,0.010898195599999999,1.5629682475720064,243.42109938156182,156.00222842015862,217.75338849479678,123.19240677868413,1.5359992548806325,12.53350361202584,705.8198244587038,0.20672824496492126,0.1019226592345035,935701.3180438797,145985636.64665425,0.004997373046137686,156.1654603389,156.1052885567033,156.08567570280456,156.17858661231944,156.09545834835183,217.75338849479678,203.79072437825874,181.50434956169892,175.8494000203103,174.81015561549475,0.0002999750020831597,0.006496125322889759,0.007391050745771186,0.000148320973252229,0.00010832430630780768
288,0.029185343700499845,350.0,-0.0942168747,3.1948432924289123,109.5290598796168,11995.076726317046,0.0261946968,0.0130999019,3.5049565624770023,1225.0942636985922,350.00399378177764,406.33364040764627,323.922572265854,1.4337686230729654,10.917126919110158,455.6498253253006,0.918749611331009,0.45970527171942877,2099323.8552357876,734784030.8266729,0.0049976463297916485,350.25330974969995,349.0450871146301,349.65429534983394,349.98310135225466,350.0413307116808,406.33364040764627,378.6805649489407,371.8895785294705,362.5826623356556,360.08267054510543,0.0002999750020831597,0.006496125322889759,0.007391050745771186,0.00010999083409715857,0.00010165819515040413
289,0.02023284123768846,242.0,-0.0765487314,2.20900552831341,109.52904785813782,11995.074968656027,0.0172098652,0.0086000508,2.436596141052981,585.6851427875172,242.00254411104498,254.61293126236387,215.17615269727256,1.0630273407902164,-2.7709251551634657,78.57586496125577,0.9811757609690233,0.4918347290472411,1451530.8050142564,351280816.3619114,0.0049981902776189,242.81432769349993,239.84991530915607,241.5855093397512,241.96541792617705,241.6111240590955,254.61293126236387,250.52110107319592,249.76568884871455,249.21025491436288,248.40564144309755,0.0017331889009249229,0.0018015165402883093,0.0017865177901841512,0.0018415132072327305,0.00010165819515040413
290,0.029037974472277336,348.0,-0.0814599569,3.1765870456055594,109.52904150311647,11995.074041596323,0.0261820717,0.0130858965,3.489740463324001,1211.1334617041266,348.00437243263156,370.97158726751684,308.4528386180665,1.3162656160497257,-5.580937026344269,213.0216355117756,0.9200710023324632,0.46067336874341436,2087329.614467719,726410012.9863771,0.004997984661199491,348.48473164179984,348.1393424319469,348.6538402771389,348.1629490977763,348.8316863066048,370.97158726751684,364.07516103335684,361.4124149557343,360.62505575025085,358.55039408068643,0.00010832430630780768,0.007391050745771186,0.00010165819515040413,0.0008115990334138821,0.00649779185067911
291,0.01981216906877754,230.0,-0.1507899419,2.099568029852484,109.51256876026208,11992.668541997218,0.022601491100000003,0.011298548700000001,2.4554641082109963,529.1469935645428,230.00892152237643,254.92857328091154,201.61505622476906,1.9179579863849858,-0.10475604280148393,24.016068387349748,1.1880674954210804,0.5961377470149216,1379589.759323279,317339127.2807262,0.004998116166890216,237.76584099439998,230.35813012591458,229.95905084199183,230.1672377089264,230.50870135587158,254.92857328091154,249.44346702064183,245.2120202082424,242.69662258089252,241.4508276284526,0.005136238646779435,0.0051279060078326805,0.005847846012832264,0.005721189900841596,0.005776185317890176
292,0.02408101057674332,289.0,-0.0001335144,2.6379771569466763,109.53538276992191,11996.000080139973,3.93459e-05,1.97201e-05,2.889924206812005,835.2100002218042,288.9999998834452,289.0092320573535,288.98583099683697,0.0023387293674921985,-0.07549268759001328,0.5654865176448061,0.00311880781544005,0.001559634432680923,1733422.0004864968,500958958.3139995,0.0049979172755738694,288.9962079315,289.00719491688574,289.0027963172115,288.9983210012652,289.0092320573535,289.0092320573535,289.0086299573935,289.008607851104,289.0083794145913,289.008080830036,6.6661111574035495e-06,9.165902841429881e-05,3.833013915507041e-05,0.003199733355553704,0.002811432380634947
293,0.021406536127639268,257.0,-0.0391003755,2.345903301559616,109.53252090840998,11995.582149890217,0.0133016665,0.0066332757999999995,2.567910121330022,660.513003273197,257.0012540282697,269.7900240724339,235.29720739580037,0.720030063185577,-2.5737814357822097,218.22141858661627,0.488596769714718,0.24488452871224808,1541493.8859108058,396169065.30804825,0.0049979392194016295,256.8998400678,256.8251906678645,257.00013334318913,256.79377967551545,256.92117987959097,269.7900240724339,269.6607822464012,269.20246967707345,267.6174370367774,263.06157644317733,0.005184567952670611,0.005472877260228314,0.000148320973252229,0.0001699858345137905,0.004492958920089992
294,0.014513041437363539,174.0,-0.0842861682,1.5882810454723857,109.53163441901071,11995.452707448963,0.0093779927,0.004691702900000001,1.7434689601089977,302.77381057532534,174.00099157897083,187.60555966406025,166.98798203478466,0.5746085765409483,3.1567611209839237,81.01198729774197,0.4785175762588949,0.23964689277406137,1043657.727537507,181599421.8575632,0.004997929664977062,174.1710102898,174.1776896000481,173.88481889526716,173.67889884596477,174.2847741327765,187.60555966406025,183.59781528116707,180.33448018586054,180.24148122797033,179.66351835734628,0.00647946004499625,0.003478043496375302,0.002828097658528456,0.0001466544454628781,0.006452795600366636
295,0.025419719866794543,305.0,-0.0042973142,2.784024381213308,109.53537140420752,11995.998420347632,0.0009600114,0.0004785006,3.0512383481339724,930.2501289211184,305.0000088956607,306.38738486039875,304.3385152392183,0.057212867318151436,2.856521302366479,81.97892212184199,0.04748628175002523,0.023777023867239677,1829390.016888117,557963979.9363667,0.004997912361970547,305.06205812140007,305.1733925503055,305.0274784122753,304.93470894183986,305.0057954214373,306.38738486039875,305.8221921786637,305.71782728306397,305.44395407928084,305.42021645135463,0.0001049912507291059,0.00010165819515040413,9.832513957170236e-05,0.00013832180651612364,0.0006532788934255478
296,0.0093594739987751,112.0,-0.0346139558,1.0223897165351383,109.51618787311774,11993.196976862386,0.015613289499999999,0.0077700514,1.1264445668549927,125.4693070750878,112.00347166960327,145.37700553010635,91.96680582440042,0.8348370709636231,12.633661213606969,614.3813741989399,0.1198524912584702,0.059254057472983845,671796.6213173259,75247712.21204121,0.004998052943544,112.3230474593,112.23380440676182,112.03116262011535,112.26558152902345,112.26050046710367,145.37700553010635,133.66188634788918,127.79821606544176,122.74943789921747,120.61914887321825,0.006549454212148987,0.007149404216315307,0.0001049912507291059,0.007749354220481626,0.00018331805682859762
297,0.0012063203969919188,14.0,-2.3242807388,0.18974156905744777,31.32398952617014,2482.4612708817695,0.0733869187,0.0366327484,0.14927532165099971,6.681509383661679,17.026609498856477,274.96611348162656,0.34328458708023396,11.926319662256972,7.468369253732489,94.70227740581805,6.329115505233277,3.0769284557166774,102128.73113457765,2592229.5247659353,0.004828067105670217,14.477051084299992,12.833366225269092,17.946208822073938,12.97723258505863,21.264625112093107,274.96611348162656,193.35321813495912,192.56824046292837,186.6354540302193,179.93663142555067,0.0020481626531122406,0.007469377551870677,0.007617698525122906,0.0018998416798600116,0.0076093658861761514
298,0.03083062624111319,369.0,-0.17757109850000002,3.3682678116671534,109.52996474863629,11995.208875465083,0.0242727047,0.0121234508,3.7099470542959794,1361.699782402746,369.00293072620264,379.84920818531816,354.37956716836374,1.5064338552341043,-0.09227843101868212,4.796750638489804,1.7947721880037761,0.898170142696074,2213279.4878562214,816720197.0504625,0.004998043421155267,369.9983455196,370.76003729895814,370.8164127039688,368.0801224001368,366.9676350687148,379.84920818531816,379.2050420327224,378.43963028697647,378.2364781905057,377.15705543227733,0.005744521289892509,0.006806099491709024,0.003598033497208566,0.004047996000333305,0.006312807266061161
299,0.006484807445312868,78.0,-0.015776813,0.7119909130049825,109.53040388109366,11995.272993638997,0.0055807528,0.0027843397000000005,0.776503757436998,60.84368652417843,78.00052503164213,92.39978260164366,71.07694584668302,0.31368164097203455,14.654409136971134,820.8769831698446,0.14817385850695075,0.07416122624944421,467846.78377288196,36492856.121523306,0.0049978070963073865,77.82417415120003,77.85245135949835,77.88012031246097,77.7934320087964,77.89945377288916,92.39978260164366,82.90398633713025,82.55513797811369,80.87558054208283,80.15956272048193,4.166319473377218e-05,0.004776268644279643,0.0017998500124989584,7.83268060994917e-05,0.000148320973252229
300,0.016924112167769248,203.0,-0.0001275539,1.8529734913869338,109.53538270995244,11996.000071382326,5.92491e-05,2.96699e-05,2.032125447052007,412.0900004289834,203.00000846030974,203.10627012540002,202.93630455479942,0.0026257543272349467,14.6499875434241,719.9084710154827,0.0014220557949613521,0.0007109064540031795,1217593.9973621627,247171580.96475226,0.004997916204210131,203.10627012540002,203.01363243450294,202.93630455479942,202.9858581807681,202.9992682484102,203.08707837638534,203.02462338466725,203.02384186393965,203.01825233993014,203.01803809658662,5.3328889259228396e-05,3.833013915507041e-05,0.00021498208482626448,9.165902841429881e-05,4.332972252312307e-05
301,0.0048119708905091235,58.0,-0.023793418,0.5294659295104195,109.50762725757187,11991.946947309894,0.009359994,0.004668330199999999,0.5749100428680024,33.65136493421005,58.00190968829931,71.53690006377448,32.686374294973135,0.5895381367727943,-11.832643039414464,711.002141083388,0.10421361181470701,0.05197922625406903,347895.5433429176,20180695.99876676,0.004997672723798541,57.748462657000026,57.82247984638715,57.80826660198617,57.74585015234594,57.690771763519656,71.53690006377448,70.62521320312086,64.62445930186018,63.954946882955575,62.94035563075888,0.00010332472293975502,0.0014998750104157986,0.0005999500041663194,0.00020498291809015914,0.0001983168069327556
302,0.008984422126989406,108.0,-0.035662315800000004,0.9858810697662377,109.51455493822034,11992.958517898225,0.015559966599999999,0.007739557500000001,1.0763274980600073,116.66956841127976,108.00471775853215,124.22744843822564,82.26283166812267,0.6744399545062715,-4.141702102336473,480.6018564303058,0.11282941279023362,0.05627602750504934,647812.4263401635,69969540.96528256,0.004997777235842935,107.82204994600002,107.85543839652904,107.87374207456644,108.03484306582428,108.03114453819288,124.22744843822564,120.21248036820045,119.658522914708,119.25553718677418,117.43437638756394,0.006547787684359637,0.0077476876926922756,0.006696108657611865,0.000148320973252229,0.0011565702858095158
303,0.01718073881072414,206.0,-0.1019221246,1.8806202430158672,109.48943285509695,11989.290216679883,0.042889755200000004,0.0212646862,2.0643233551710045,424.5973465563499,206.01125370899362,363.20426301806816,109.83551287527345,2.681588008582585,25.792354204121285,2250.416281848134,0.48011962222577154,0.24160980915246455,1235655.4448734908,254602054.32344627,0.004998865256627841,206.1860464675,205.97693276543177,205.7505356916437,205.95263836037302,205.72181216893318,363.20426301806816,219.88055802773508,218.17380584068266,217.9008084069004,215.04678556066722,0.006529455878676777,0.00010999083409715857,0.0071294058828430965,0.006537788517623531,0.00019165069577535204
304,0.010814820867811003,130.0,-0.0811618418,1.1867584396477708,109.50077813918682,11990.947250297748,0.0227751145,0.0105381064,1.295666521703993,169.07118217297213,130.00605370301133,151.31539792334272,74.01225295652483,1.4005114640054046,-17.518462603856914,638.4466201008196,0.3876307704535975,0.1939034332053211,779776.3536274071,101387418.76407075,0.004997610155382779,129.78866523459993,129.77718906785515,130.32919755627407,130.20743757705225,129.9825347142316,151.31539792334272,147.80765077973354,144.13781298662644,138.14175883318458,137.72358059572036,0.003746354470460795,0.008334305474543788,0.006302808099325056,0.0008415965336221981,0.00010332472293975502
305,0.012168666841146484,146.0,-0.0248350929,1.33269964123535,109.53065557659168,11995.309748628904,0.0106968302,0.005351227700000001,1.4606994520070036,213.17226311914885,146.000652239085,180.95744559083528,130.42933236641252,0.6483538741035183,23.549733980308655,1518.160048860717,0.12433407497454141,0.061809031023443595,875711.9388571247,127857039.90039173,0.004997942036922373,146.03617076060002,146.17412820092002,146.0227495098257,146.04544514974458,146.0542759799977,180.95744559083528,155.56442417684286,154.27264305005028,151.705985857333,149.50943669610325,0.004762936421964836,0.000148320973252229,0.0009532538955087076,0.00018331805682859762,0.0018015165402883093
306,0.005017784393692152,60.0,-0.0237385817,0.5477199755241725,109.50944823355547,11992.212875561303,0.0094438032,0.0047216124,0.604457378943001,36.011363598626644,60.00298137585867,67.40949695333444,43.650112756040585,0.45712953036945997,-7.784744577104838,363.91328399840154,0.11194741000149122,0.05598512497477515,359897.7348153447,21596181.799383946,0.004997934206267052,60.218430508699996,59.83299062360657,60.08408394533205,60.113500145234504,60.04838810573432,67.40949695333444,67.38775647298826,67.14766042617894,65.39945934719331,64.79552509323783,0.00548454295475377,0.000148320973252229,0.00011165736188650945,0.0076993583868011,0.00011665694525456211
307,0.017764120230947488,213.0,-0.0005098126,1.9442529262093424,109.53538100743026,11995.999822754484,0.00033147060000000004,0.0001656973,2.1337405098490114,453.69000990866266,213.00001718079668,213.20732228402292,212.8128482884424,0.008865398715241581,3.8015584159053244,214.53245895641388,0.0031686427905412984,0.0015813871135890167,1277574.008891907,272123266.24192345,0.004997912406312689,213.18720689159997,213.1173891976812,213.07927433453034,213.0238033485336,213.04204453409275,213.20732228402292,213.16604934586005,213.14801793711842,213.139199404957,213.09872678144606,9.832513957170236e-05,6.166152820598284e-05,0.000148320973252229,6.66611115740355e-05,0.00010999083409715857
308,0.01569995522442303,188.0,-0.2253660709,1.716149452341964,109.51710701806542,11993.331507335557,0.0209809179,0.010444657,1.8884975177649916,353.51860806298373,188.00413557721672,232.2207243868066,142.4636733694182,1.5079411937538858,0.353342929630146,277.0341340151431,1.3473172604067827,0.6743781476858146,1127648.6589799104,212016224.83229217,0.0049981419793213066,188.41516264830003,187.6225541748666,187.51938329804702,188.74050189528052,188.85110805893322,232.2207243868066,211.7635597864617,200.8075334762338,200.2331449099602,200.05249183415555,0.0009299225064577952,0.005066244479626698,4.499625031247396e-05,0.0013815515373718857,0.0004766269477543538
309,0.024246952603441237,291.0,-0.0001096725,2.656233060657233,109.53538277457919,11996.000080820102,3.57271e-05,1.78814e-05,2.909753910683025,846.810000177073,290.9999987452345,291.0088416107594,290.98576731389994,0.002073571002466788,-0.10171514296805624,0.9431662038846484,0.0026994988378419293,0.0013515017841996269,1745418.000034633,507916638.0458705,0.004997917143317906,290.98767819390014,290.9944831243553,290.9985723854637,290.98892167509837,290.98576731389994,291.0088416107594,291.00864038590663,291.00838210929055,291.00740827457463,291.00720750839974,9.499208399300058e-05,0.00011332388967586034,5.999500041663194e-05,0.002146487792683943,0.002676443629697525
310,0.00959603088122661,115.0,-0.0264174119,1.0497365241837415,109.5283212063214,11994.968857639638,0.0093414551,0.0046646387,1.153268431855997,132.2613656557699,115.00147846241843,126.00661296011144,107.6070709402484,0.4872424479967815,2.6735793520429345,111.33971173873515,0.16475931716041714,0.08240890653553379,689778.928878819,79327027.79642063,0.004997910192369941,115.16196660559997,114.70606595051099,115.18236149587159,115.01732555823864,114.88479367670878,126.00661296011144,124.61610079302096,120.93551990735685,120.78388563215883,119.31316167702522,0.002143154737105241,0.0034663778018498457,0.004066327806016165,0.000251645696191984,0.005867844346304474
311,0.02266488961309883,272.0,-0.0001059366,2.482802026358113,109.53538276662094,11996.000079657915,4.23917e-05,2.12649e-05,2.7200265392149774,739.8400002261626,271.99999997396526,272.05523276338363,271.89192473247914,0.002632622343186762,-10.252233755175038,536.208170355248,0.0013948371574201701,0.0006961236067013488,1631455.999179028,443756031.5949676,0.004997917024045697,272.0013402467998,272.0172643802046,271.9907080121801,271.9905326166812,272.0029185181849,272.05523276338363,272.03304694842353,272.029700872116,272.02964384961103,272.01832099186095,0.00013832180651612364,9.999166736105325e-05,0.00010665777851845679,6.332805599533372e-05,1.3332222314807099e-05
312,0.019368505434538795,233.0,-0.07477641110000001,2.1269899631827873,109.50795663164813,11991.99508514791,0.0439952595,0.022046501,2.3186760481989817,543.0712330953207,233.01200330089253,348.2055486417964,209.58418817723086,1.8812938101679817,38.88142520207589,2361.064875628322,0.8596996781359394,0.43028923325974233,1397606.1790253185,325680290.1699124,0.004997414577055782,232.44143371989998,232.3516477119817,233.28119404529798,232.72593805078918,233.37091350945653,348.2055486417964,261.0870417899883,255.1263077748029,252.6669020099949,245.84796730248436,0.0002999750020831597,0.000296641946504458,0.00030830764102991417,0.00015498708440963253,0.0008999250062494792
313,0.003416483082918096,41.0,-0.0422027633,0.3744177660168464,109.38458359407942,11973.983116106461,0.0156316897,0.007815153,0.4099951552030011,16.840884529720896,41.00715665058725,88.28025576113555,19.68854742782089,0.9782637655248305,18.206280217224577,1042.8143448440476,0.1496331162099267,0.07493647147870064,245960.95968933438,10091902.043231072,0.004997934292696532,41.0012134781,41.15370268803088,41.209790322733205,40.928784908415196,41.36170940639269,88.28025576113555,63.01003865055019,58.00168016201306,47.493558837117405,46.482047660770824,0.00015332055662028163,0.005244562953087242,0.008994250479126739,0.005099575035413716,0.007337721856511957
314,0.013664937027339428,164.0,-0.1613482833,1.4970478374609097,109.52127633110621,11993.940113644423,0.0190516487,0.0095329454,1.6398560558579942,269.00617673479513,164.00399012982854,193.5470280195687,143.53762886512772,0.9906660134101856,0.7614334744252471,236.3744790400479,0.40104151937345023,0.20098666709603208,983696.0030666094,161335968.62694454,0.00499823432589245,163.99290926509994,164.14549694242763,163.90856296184805,164.19670434933693,164.1790917726136,193.5470280195687,180.4529535136851,174.26842096726506,173.8592915234581,173.73652923228246,0.0019481709857511874,0.005592867261061578,0.005444546287809349,0.0018015165402883093,0.00018331805682859762
315,0.0008959996247895947,11.0,-4.7228822708,0.22118055215486762,5.088246505143345,566.6656747689551,0.0614741277,0.029478385999999995,0.10430956910100089,10.532115915407058,16.79290929789687,452.90561430163046,0.27864156744973123,17.469967030842668,8.71400105998076,132.22015087413604,8.454313278130158,3.995124459853354,100727.21811999258,3522434.0952600986,0.00436297584281441,10.752891497099988,13.398953788285233,0.5802071104561162,6.370789057425025,6.846101448626085,452.90561430163046,313.88065905334673,303.17827629606995,287.4224489249345,274.9052117696839,0.0007332722273143905,0.000148320973252229,0.001466544454628781,0.0008815932005666194,0.00161486542788101
316,0.0026537776596283623,33.0,-1.0094537735,0.30455834909816165,105.94441925853074,11479.043726865353,0.0207831766,0.010257227399999999,0.30674654563799997,11.374930042444754,33.186744806982645,96.80613138997151,5.547110438703725,3.447862860268516,5.078761109291972,81.2911838177029,2.3197665390939513,1.1609988048075905,199055.48814029904,6677362.628725387,0.0049849486120262035,31.847985693200002,31.776103263408594,31.84961066008827,32.933904766881994,31.17741413200685,96.80613138997151,94.51548212822607,92.71839460643535,81.38024970911471,79.30456182033058,0.0026981084909590866,0.0005399550037496875,0.001079910007499375,0.0016198650112490625,0.0014698775102074827
317,0.002258868205266236,27.0,-0.0239821728,0.24655179692044576,109.40577594104685,11977.076493201266,0.009770625299999999,0.0048855162,0.2722096197289988,7.30150957975888,27.00438783719979,63.66047932553293,19.492856326273287,0.5836575344255261,41.00821377663368,2606.776516393493,0.1725930368567603,0.08623102174858488,161972.23218479872,4376002.241013883,0.004997773871586613,27.108677331399996,26.956530156990652,26.997716512932325,27.004405465842737,27.01707359704659,63.66047932553293,34.861248579675454,31.427127543216617,30.45550881437609,30.328379401634958,0.005351220731605699,0.005354553787184401,0.0002483126406132822,0.0005999500041663194,0.0056478626781101575
318,0.01441932620231647,173.0,-0.0718582794,1.5792378303691645,109.51399992712767,11992.877539894855,0.024256736,0.012139645000000001,1.7307731942469968,299.3678916861359,173.00466529089556,223.23537161246875,124.12171566172691,1.5293464839491326,0.2798120147630851,435.48653257260537,0.3965500690489421,0.19769828914155596,1037682.0261747504,179537870.24331227,0.004997709493479659,173.04633375399996,173.36406121486644,173.2445205328176,173.1434035164412,173.19993017291,223.23537161246875,202.22918785670456,195.3002183854251,185.12273249841016,184.27009217250063,9.999166736105325e-05,0.0065211232397300225,0.0017998500124989584,0.008592617281893176,0.0014998750104157986
319,0.022362294923981257,268.0,-0.1017399542,2.4463703635389065,109.5245800434191,11994.422531755721,0.025309786600000002,0.0126332271,2.6876239374300024,718.334426137607,268.0043968296429,301.6606564355561,226.75127026410675,1.5606696919423109,-1.1863072589275958,119.37679093217697,1.7279609338734758,0.8645823382540243,1607489.9649614634,430828880.86778086,0.004998064215896646,268.36990138270005,267.91281270632317,268.60866646508754,269.91259380515686,268.46848352823275,301.6606564355561,282.7460342899949,279.8924042237694,276.40743296281227,275.7910357316791,0.006556120323306391,0.0002999750020831597,0.0017998500124989584,0.00715440379968336,0.006852762269810849
320,0.015790446507957676,189.0,-0.2068386376,1.725284497480003,109.5158394722807,11993.146431451842,0.021782441,0.0108013032,1.8997808917160024,357.2949557654611,189.00552903294218,206.32315218533955,142.88102817534588,1.4700943926045653,-5.34105754720024,181.8898047588792,1.5056311625145042,0.7542580896771085,1133655.4334545452,214280160.27640304,0.004997738451755995,189.50114854200004,189.43778503696177,189.33508790569914,187.27948089900855,187.29608348243974,206.32315218533955,204.50474233967907,203.77332916093167,198.6843064218001,197.96268306788883,0.0009299225064577952,0.005064577951837347,0.0013948837596866926,0.0004766269477543538,0.00023998000166652777
321,0.027411259383651475,329.0,-0.0014042695,3.0030951732060256,109.53537779712893,11995.999353938198,0.0005769729999999999,0.00028573899999999997,3.289239729067009,1082.4100657822141,328.9999982889868,332.0699426555351,328.5972131853669,0.04624011765405842,50.97968414847622,3288.8617712806363,0.008155877848935233,0.004086070614732762,1973342.0086932764,649229536.5462265,0.004997904815773603,328.9625238632,328.6751825724183,328.9703850977271,328.977980710939,328.9736317735188,332.0699426555351,330.07192955585924,329.4432545469893,329.41172006911387,329.28358286664377,0.0002999750020831597,0.0008999250062494792,0.003299725022914757,0.0038996750270810765,0.0026997750187484374
322,0.01413639403641362,170.0,-0.0694256946,1.5518517528627354,109.51415890332993,11992.900749108334,0.023347592,0.011679751300000001,1.6929532026839973,289.07465658308246,170.00589410474524,203.59525730647522,137.91661146889845,1.303689490585116,1.5298017734530962,244.45385514734735,0.3741775679141881,0.18562550878442607,1019695.4704911889,173364456.04469514,0.004997619728498745,169.65086483100004,170.06472547956284,170.07327877922964,169.8887516995847,169.98392282648996,203.59525730647522,197.28408689999355,196.2863359647219,185.8479356014424,180.89989055189275,0.000148320973252229,0.0065211232397300225,0.008739271727356054,9.999166736105325e-05,0.0002483126406132822
323,0.012073832031122438,145.0,-0.0210474171,1.3235715881453232,109.53067499901496,11995.312585121685,0.0107427961,0.0053775165,1.4479821912289996,210.26204603401683,145.00094848611863,158.13778171543092,114.31403389263704,0.5736967854891947,-24.883725482136537,1439.877956945957,0.11998854690114058,0.059691515926800776,869715.7487784603,126111591.58471343,0.00499781133692546,144.89805820550004,145.0181367337226,145.03481755359218,145.00753028170962,144.96041172432314,158.13778171543092,149.99241343088184,149.94527293762974,149.2300656846842,149.1669936494561,0.004761269894175486,0.000148320973252229,0.0019498375135405383,0.0009549204232980584,0.005362886426131155
324,0.014583371819706679,175.0,-0.0841360241,1.5974059222316839,109.53231225181491,11995.551693851683,0.008142373999999999,0.004079934800000001,1.750280142913997,306.26144355147625,175.00079706441284,183.6828964434816,165.7869405061098,0.5429712826659623,-1.1875902720620275,42.9105099831535,0.4619701815020676,0.23109007507957813,1049654.7366518865,183692176.4411236,0.0049977907414062205,175.01504520830002,175.07897379969992,175.16059450077566,175.36565411292284,174.53856410569767,183.6828964434816,178.4735478783308,178.43650718566977,178.38076014875028,178.28504697693768,0.0001466544454628781,0.00039330055828680943,0.00044162986417798516,0.0065061244896258644,0.002533122239813349
325,0.01112052419921667,134.0,-0.0500816554,1.2232444778851141,109.50879940648082,11992.118135421048,0.023280224699999998,0.0116302725,1.3290929034069894,179.61810120477685,134.00458633501444,212.03165220960443,109.07701639621396,1.289431077844338,35.48044102712885,2268.133476134161,0.37945874954570513,0.18993745494350378,803759.4953131271,107717430.68778624,0.004997649811768636,133.4574109148,133.8199806441477,133.50209402640706,133.31130221103504,133.58825137377787,212.03165220960443,141.88073809880115,141.0832460913766,140.68150464639166,140.68116620143616,0.0002099825014582118,0.0006282809765852846,7.999333388884259e-05,0.0006182818098491792,0.0037513540538288473
326,0.028237547018257057,339.0,-0.00029747380000000003,3.094374679637407,109.53538256964501,11996.000050892524,0.0001738304,8.542060000000001e-05,3.3875758309270134,1149.210003130585,338.9999899696684,339.4793402433686,338.8259906463286,0.007930670598266422,33.65899369871467,2293.437482477302,0.0015879599457093718,0.0007976351296861139,2033322.000472188,689296158.6901098,0.004997916744461657,338.8788017661001,339.4793402433686,338.8259906463286,338.96611204246466,338.9855322554974,339.4793402433686,339.0912178489623,339.0662796276897,339.05329457499556,339.04620025029726,1.6665277893508874e-06,0.0001866511124072994,0.00019331722356470294,0.00024664611282393135,0.00019665027914340472
327,0.028857409115248603,345.0,-0.08106708530000001,3.1492041742358214,109.52881851610746,11995.041481488122,0.0265645656,0.013284498,3.47599072108198,1190.3450765596676,345.0035241567905,401.29113106245643,311.6457277246753,1.5542195416592908,6.734270151485139,353.9169854780997,0.8417457252002123,0.41975430971785954,2069330.1957214014,713940375.2641997,0.004997715073071956,346.3177667920999,345.6430495334772,345.3677256007729,343.80213503353417,345.8048463749068,401.29113106245643,370.67900771394653,361.1436575577258,359.85873797901195,359.6241378068663,0.0017998500124989584,0.00895758686776102,0.006504457961836513,0.009254228814265478,0.006349470877426881
328,0.012903818008882545,155.0,-0.0430922955,1.4149226735125213,109.51435609366133,11992.929534957948,0.0233997712,0.0117037794,1.547145698269004,240.31148670060745,155.006204525568,225.3910688837525,145.759705387269,1.0894540607192476,46.198028286630375,2930.1874053140336,0.1311219002003554,0.06595377803608926,929727.1954097651,144120601.053477,0.004997785735329478,154.8587199246,155.30062394894236,154.94632611660546,154.94294567802768,154.83871407552638,225.3910688837525,173.56087769742416,171.12006456701727,166.80402260558304,161.59400521111135,0.0017998500124989584,0.006504457961836513,0.0017048579285059578,0.000148320973252229,0.006684442963086409
329,0.011912428532272128,143.0,-0.0077092689,1.3053002696953033,109.53447985943271,11995.868223721247,0.0049198051,0.0024632434,1.4292429430180151,204.49224697111362,143.00034645487898,146.14556880991313,139.06565611810774,0.113523596779374,-9.702376257372167,580.7821328273405,0.023967688689197075,0.011966310152160986,857716.0939844263,122653778.1922322,0.004997933921869287,142.96105481580003,142.97152008457044,142.96393472511872,143.00932140756308,143.055568504636,146.14556880991313,144.54768870029227,144.5395771371199,144.5217267499938,144.24400001376426,0.006831097408549288,0.0039030080826597782,0.008799266727772686,0.004399633363886343,0.0008999250062494792
330,0.02900275560804084,349.0,-0.08461475369999999,3.1857166959886833,109.52899574933853,11995.067361198575,0.0262426624,0.013095377,3.4708128440919954,1218.1046607385765,349.0042256117711,381.6484239430876,317.1428327310837,1.3467878270874238,2.1090398769385876,153.31943693069894,0.8749352429188093,0.4423257919262369,2093328.0280418359,730591446.3634406,0.0049975979868715,348.06207005209984,348.5496596095405,349.6070898128387,348.36312400579493,348.8171114749102,381.6484239430876,374.93496489489456,367.0758417900424,365.9773325303086,362.3636318427701,0.006496125322889759,0.00010999083409715857,0.007391050745771186,0.0002999750020831597,0.0008132655612032331
331,0.012424099449545912,149.0,-0.021065291,1.3600822786998716,109.53103072440136,11995.364532537671,0.0105860797,0.005293493999999999,1.4919685148790083,222.02175829510549,149.0009991960175,179.95127440489844,138.37422391469448,0.5471447147867841,29.86324060060118,1760.0097992534359,0.11576840675687095,0.05802734454300662,893707.9726653644,133165173.75805439,0.004997827151470231,149.101617494,148.9910359965245,149.11406835188066,149.05903293520558,149.06265541579722,179.95127440489844,158.4605290040487,156.5685319919028,153.15375561273692,152.60608951335425,0.004762936421964836,0.000148320973252229,0.0009532538955087076,0.005364552953920507,0.00031830680776601946
332,0.00804640908184315,97.0,-0.031253729,0.8854634490596126,109.51604543476753,11993.17622526937,0.013459429600000001,0.006717088700000001,0.9611438975060012,94.11214323298101,97.00270105484412,126.71695352223288,74.39605629329458,0.7620634182780305,9.643417971666052,761.6044721673227,0.13945365227888828,0.0695905930752474,581822.4447127539,56441856.08547905,0.004997658690553948,96.56495539119999,96.50046844513031,96.67686711734713,96.61119006249855,96.44977550999928,126.71695352223288,122.38015910805113,104.08883129443787,101.8773091298801,101.47263103509124,0.006551120739938339,0.0002099825014582118,0.005951170735772019,0.00010999083409715857,0.006546121156570286
333,0.02505356891708156,301.0,-0.0089024903,2.7475129759029966,109.53536056219458,11995.996837036306,0.0012755162999999999,0.0006377697000000001,3.0033527894799894,906.0102452793311,300.9999691242152,301.8565137971083,299.53539231316415,0.0784499407453267,-0.954330439956496,37.104369451299576,0.06824752308062898,0.03430822851663606,1805397.944565887,543424801.491092,0.004997918401128242,300.66788057389994,301.39028047318754,300.8642837251327,301.01090838153965,300.9673161228012,301.8565137971083,301.8407030992587,301.8338850350926,301.71556298605293,301.5768277276571,9.165902841429881e-05,0.00013832180651612364,0.00010332472293975502,0.0015298725106241147,8.499291725689525e-05
334,0.018171171603866314,218.0,-0.0004396566,1.9898927514076317,109.5353819413739,11995.999959142942,0.000203004,0.0001005414,2.1814426306400008,475.2400049263744,218.0000064364083,218.41213264473814,217.8314784311747,0.008524489289296543,18.123196177783925,1002.7867117481624,0.001860999212965453,0.0009320351753956402,1307564.002766041,285048953.6393143,0.004997914733016083,218.07223041799995,218.0093527377124,218.03419398807108,217.98815077674763,218.01635797761728,218.41213264473814,218.16847755901188,218.10370730561073,218.07764277531192,218.07153398360404,9.832513957170236e-05,5.666194483793017e-05,5.999500041663194e-05,8.165986167819348e-05,0.00023498041829847513
335,0.005744987090800743,69.0,-0.0031006336,0.6298286445832977,109.5353056814735,11995.98882258606,0.000467236,0.00023360139999999998,0.6889139224709968,47.61004468151203,69.00000392096358,69.25940030227622,67.33429388353264,0.03635805799686819,-15.959614698647504,738.5012138781743,0.02352664210815192,0.011728697140171107,413862.05135506636,28556493.01564662,0.004997944836247673,68.94559007669999,68.9918877441186,69.02130324845665,68.96305883112989,69.01896064295177,69.25940030227622,69.24612115680654,69.21505247241153,69.21033147513839,69.19998294388324,0.0017998500124989584,0.00031830680776601946,0.007091075743688026,0.0019998333472210647,0.0041963169735855345
336,0.01972895477878513,237.0,-0.0463702902,2.1633567332661174,109.5304102996437,11995.273933077398,0.015726514599999998,0.0078526024,2.3652485407860087,561.7239900116075,237.00197400183123,255.09069153247708,218.5673218594481,0.8893748886831585,0.2189143584803798,127.30281576393756,0.2352907932958601,0.11791041395949264,1421538.8235799314,336912484.01140976,0.004997916514648604,236.76718630019997,236.8683549640561,236.86428699253483,236.9069338525858,236.95038366209735,255.09069153247708,254.79730489934022,249.71056689334688,246.04164348088042,244.65497038156545,0.0008399300058328472,0.0002083159736688609,0.0023314723773018914,0.006494458795100408,0.00021664861261561536
337,0.0004237847009415902,8.0,-4.8096618652,0.2182690293928908,-2.3383718836146317,230.83088612985603,0.0624320102,0.030218593800000006,0.021860641233999636,10.794922470599337,15.5312250830831,481.8116074545364,0.04242003491467466,18.183319928473836,8.673348159745943,138.925564031025,9.361450333026598,4.368497606678792,93165.90530246422,3430504.9442865746,0.004136175211613293,5.085840195999988,2.7814808684281878,10.887952185127624,11.318621689034531,14.663123064804937,481.8116074545364,339.5347983132526,334.3130292267592,284.5355425559474,281.7357593245135,0.0007332722273143905,0.000148320973252229,0.001466544454628781,0.0008815932005666194,0.00161486542788101
338,0.020223887269894263,240.0,-0.0949626384,2.190749561170166,109.52878958498412,11995.037253392109,0.0177265318,0.0088647225,2.453971906048014,576.0462280054078,240.00256487007428,264.12627798236804,229.4295333430686,1.0710260884496785,2.48278686421626,60.702407966202,0.9957808557774115,0.49697656690085523,1439533.3493597414,345498084.5674312,0.0049975667709188185,242.70687112599998,240.7399812904865,240.10888807885718,240.32036764320938,238.72007813779945,264.12627798236804,257.01933398405464,249.15453065592064,248.67683652090588,247.16816583388317,0.00010165819515040413,0.0017331889009249229,0.0008165986167819349,0.0008399300058328472,0.00024331305724522955
339,0.015076916684426303,181.0,-0.0256182328,1.6521792444673946,109.53130577059378,11995.404699217792,0.011507789099999999,0.005748147800000001,1.8088883345739997,327.626253487504,181.00134467296382,193.90715210164925,154.5182452071516,0.576034595304935,-18.188085430198278,861.9914087321533,0.11484100066209635,0.057628423609230595,1085646.1500315317,196505418.87817168,0.004998089846831731,180.93807712979995,180.96750717410328,181.3719015045321,181.26069898299093,181.17668932624483,193.90715210164925,186.2905431091292,185.977122076179,185.61887890129447,185.2087872512418,0.0001466544454628781,0.004727939338388468,0.00018831764019665027,0.00016331972335638695,0.00013998833430547454
340,0.021579964575468912,259.0,-0.0233509615,2.364149437982,109.53389131652256,11995.782276308864,0.010274862400000001,0.0051262289,2.5896243601589997,670.8221757606372,259.0007863632981,279.6232445093784,249.14579145563522,0.44788288789911185,16.650863326648583,836.42507349192,0.14271014473081323,0.0715233617783042,1553486.7316539946,402355492.39414287,0.004997893157777215,258.9811548702,259.07763301827595,259.1365607809232,259.1230778051119,259.1532201468896,279.6232445093784,267.6526539470661,266.3083582082731,265.21512892341497,263.16795309554345,0.0002999750020831597,0.0053728855928672605,0.004741271560703275,0.004772935588700941,0.0008399300058328472
341,0.011498998287375956,138.0,-0.0079948325,1.2596606862608075,109.53439784856087,11995.856247269907,0.0048848386,0.0024493263,1.3800010307949935,190.44228268572894,138.00004259809387,141.0234957663496,115.08640617956404,0.3197415071553745,-61.18720103122134,4398.819181096013,0.020301536472459247,0.01022494003666452,827724.2515906116,114226594.7445378,0.004998023642837365,137.99947844679997,137.9304245134238,137.9812099007357,138.06173727856824,138.03535154999815,141.0234957663496,140.802667018492,140.62783600696508,139.6524245092467,139.59646446726333,0.0003016415298725106,0.006829430880759936,0.006229480876593617,0.004399633363886343,0.006902758103491375
342,0.015360157324514572,184.0,-0.0276182666,1.6795620479033733,109.5315168064998,11995.435517972657,0.0114202001,0.0057252291000000005,1.8468350849479997,338.57592820560774,184.00138041228232,197.60829771211027,161.99784968667822,0.5604201962437586,-10.54667485724349,568.8354411230516,0.08951635713449946,0.044825256894057475,1103640.1536384902,203073172.60084516,0.004997982206384908,184.33724805149998,184.2739580903072,183.91682133407886,184.12577436651569,183.98398664056458,197.60829771211027,192.9093192658032,192.7790400237988,189.22602702298695,188.94216774093152,0.0001466544454628781,0.00010832430630780768,0.00018998416798600117,0.0003016415298725106,0.0047312723939671696
343,0.00240560348210983,29.0,-0.0206273329,0.26480464905384915,109.41870851566995,11978.96442023173,0.009958812,0.0049757178,0.28741989850699895,8.421951854422561,29.004159821407463,49.69949585011836,15.177566156484305,0.5970892980315489,6.708736322025534,497.6146062071813,0.183235169710521,0.09115923009661842,173967.0270902341,5047908.403706258,0.004997501130822021,28.869647388799994,28.91492897337037,28.768796016786524,28.790188883493727,28.816010709069946,49.69949585011836,44.72743872711526,36.279606860927004,36.17774731594208,33.86931688330614,0.005351220731605699,0.005354553787184401,4.166319473377218e-05,0.0005999500041663194,0.004749604199650029
344,0.02592769589488403,311.0,-0.0236231349,2.838798916487025,109.5345708490489,11995.881511384026,0.008491066700000001,0.0042419999000000005,3.1131110830040063,967.2195568127698,311.00041430850683,320.8129601075182,294.5158893031545,0.5420465860337736,-8.12701407728717,293.5223083837682,0.15278596454419358,0.07668279597783112,1865380.8009386612,580136062.454062,0.004997862897253365,311.15827843449995,310.95741717431457,311.42305561989247,310.8449075708502,310.94365359485613,320.8129601075182,319.42863998749243,316.1137359219659,315.8938674030357,315.56573896339165,0.0004099658361803183,0.00020498291809015914,0.00012665611199066745,0.00037830180818265144,0.006106157820181651
